-2448.1222699415307
-2438.7314343780013
-2468.2774062349995
-2462.406409260276
-2415.6383002685493
-2447.4403727772074
-2441.1517164453408
-2425.686896010618
-2437.7975938870186
-2453.2294334377652
-2419.273635984283
-2465.2191559307307
-2431.7923340738284
-2425.363498958407
-2409.54032602463
-2464.146318360268
-2409.84575034773
-2407.7766149581726
-2438.439864582761
-2470.2295075524808
-2390.896517221613
-2476.4330141811693
-2456.3422722813193
-2448.9876082917744
-2438.7808232792377
-2422.683861569153
-2431.810200924602
-2412.4078709990863
-2410.868206128647
-2411.466048366367
-2419.9846108724955
-2442.9722575656137
-2434.7251873160135
-2434.022433040787
-2458.6539355136606
-2404.302841228658
-2424.0330565423774
-2410.8717902085136
-2433.8886007607452
-2449.1827015321337
-2418.857016950361
-2423.7064628518033
-2408.5447344182508
-2433.476937763511
-2426.952025728524
-2483.046629155325
-2443.04966442849
-2443.273447182155
-2435.7255012572004
-2456.8583108636744
-2475.4460421194112
-2435.8124707424295
-2461.9374526904307
-2428.712008841614
-2438.951392880477
-2404.884894287826
-2429.90586420941
-2430.814143055477
-2398.3023355777696
-2459.55083833486
-2410.839665461787
-2452.6950684914377
-2424.113626433476
-2435.711023339744
-2447.046266618493
-2450.280591524572
-2424.7332465605396
-2442.423518139999
-2472.0831555104955
-2425.433915560856
-2406.5470656056928
-2451.441729213256
-2437.3745779791884
-2444.993380165508
-2418.5186662426618
-2452.8421514294046
-2444.553987229678
-2429.9740338357365
-2425.238493550981
-2442.5154447346354
-2413.2765735337102
-2404.0120126426345
-2430.7006685003294
-2414.382786066114
-2421.483986209964
-2449.3451218969567
-2419.778415291365
-2434.159175660684
-2390.906362672134
-2463.191141517603
-2448.2668818746715
-2426.6364451976624
-2418.0866615201394
-2418.3961116554133
-2426.423391621887
-2480.1380119527535
-2435.075009193891
-2448.5387841162915
-2427.0157894773515
-2447.756906286122
