0.6203615437700745
0.6155233031479448
0.6200166333103443
0.6130118781758307
0.6112492679015878
0.6172883655239503
0.6207179303903911
0.6120781711901202
0.61097262375235
0.6164761909824148
0.6172087428431313
0.6231779082630675
0.6227108393461898
0.6250015185347707
0.6132444113950741
0.6138723090206349
0.6154211735687961
0.6140145276353229
0.6172034816886319
0.6132866235639427
0.6197192434586386
0.6135480846757676
0.615058851397015
0.6187251802319604
0.6265026457909718
0.6180362005153818
0.6219997953020109
0.6180775768594119
0.6109983197388831
0.6158125378437075
0.615777972200142
0.6176834023542573
0.6187900080774912
0.6172968114362539
0.6212191344011573
0.6115503215642876
0.6272712480873551
0.6267929613734863
0.6247548715467456
0.6200819337529978
0.6134849848624051
0.6188393051445189
0.6220675213000423
0.6164212025556463
0.6190476723425696
0.6278000972486488
0.6143349441503589
0.6155901409408141
0.6134942297390629
0.6132253234179568
0.6110754762312927
0.619000658245391
0.6244397137596476
0.6265462579785414
0.6102581964486034
0.6169910179693733
0.6163319107855515
0.6114013716753339
0.6083236004677276
0.6223279631419508
0.6223907150844503
0.6253670816455299
0.6123596552971963
0.6206671444983101
0.62221519106215
0.6121562132962646
0.6155130845551865
0.6185053594081831
0.614994898590572
0.6163202065622331
0.6141743291023959
0.613943740020847
0.6178356165919037
0.6148019855234598
0.6175584778117322
0.616853518599189
0.621478444169561
0.6158979663054054
0.6249783864106896
0.6170327614076627
0.6169735156462701
0.6102675004474332
0.6158825006647038
0.6184893724047127
0.6168000022436573
0.6241354847065376
0.6212452297343838
0.6198370630033221
0.6198301367709689
0.6189867820735742
0.6176334979731322
0.6227447007696599
0.617121137571245
0.6098194510545613
0.6184158831225944
0.6131617895446624
0.6102288947138585
0.6172553462080267
0.6112801237152014
0.6223129304108401
