-2438.939175923815
-2428.082864222507
-2459.8500201905267
-2454.659139952417
-2405.905750413074
-2437.472164765109
-2430.3005097563296
-2417.5795052625253
-2428.420747376342
-2443.4188180550746
-2408.88751261178
-2454.2128180190525
-2419.9373246936093
-2415.582372107064
-2400.7871144649084
-2454.5562534178857
-2400.776497872125
-2400.158393543115
-2429.5388455054667
-2459.375929449399
-2381.6749151536196
-2467.0118956976867
-2445.6227430533
-2440.213334477881
-2428.760211833146
-2411.998677292919
-2422.95878369072
-2402.0871879397564
-2402.147690812758
-2400.9487350364616
-2411.7194438338415
-2433.376346854229
-2424.453163444715
-2423.267523408083
-2447.6482587629393
-2395.0151793342743
-2411.8507917930333
-2398.5308730609167
-2425.331138723859
-2438.4960057277976
-2412.4572493802007
-2415.5070825789967
-2396.698518114301
-2424.862181271311
-2415.833333818776
-2472.1491637292775
-2434.6912507084135
-2434.8475272193464
-2426.69808166045
-2448.4145816369874
-2466.02252071996
-2424.4542890040825
-2450.543250972466
-2417.9003772342803
-2428.6589752705204
-2397.233201980806
-2420.0300184322264
-2421.8469846175703
-2389.1459013778103
-2448.4405974647602
-2401.1290778975667
-2441.307735910094
-2416.748665477894
-2428.3354787443136
-2438.174670994047
-2439.9578289890956
-2414.9554199552363
-2434.5238838000146
-2462.984690731708
-2416.8151749142366
-2397.4943459936594
-2441.452935651162
-2427.3484885976613
-2434.57581356632
-2408.6211379801634
-2442.31171232518
-2433.852952883181
-2422.3485280409536
-2413.7580378734783
-2432.4575775058115
-2402.7321448845382
-2395.3819474350807
-2420.2520713977724
-2403.356946969108
-2410.3869174431293
-2437.592997174341
-2408.339068653692
-2423.0004321719434
-2383.3534716215268
-2451.880453553962
-2437.437335733226
-2415.679174420392
-2408.884442210681
-2408.347451979377
-2416.955096329457
-2470.2177965567994
-2426.120509250668
-2438.226761637637
-2419.8158353475956
-2436.5156931702622
