0.5510975740082293
0.546726292685818
0.5490511948692121
0.5453687325882394
0.5505414883424803
0.5478775533704238
0.5502870097231848
0.5509153162284883
0.5464003845817333
0.5484138584855416
0.5510097559860928
0.5517594752259127
0.5454986621477126
0.5616031764546167
0.5501232692447174
0.5519704288118135
0.5543418174069538
0.5472445675591902
0.5523771047383751
0.5425670875729289
0.5521224182203003
0.5507676259482388
0.5446008895388502
0.5418075377484461
0.5500699646444001
0.5453262139652247
0.5515154240659697
0.5502926710790078
0.5561040743099123
0.5476655186371713
0.5475966408406399
0.5576014401225237
0.5486009438536221
0.5474860278362604
0.5514828619144141
0.5536373559851097
0.5479053442368975
0.5423937515428694
0.5451688846954731
0.5522378253791329
0.5468339639593084
0.5558077749997117
0.5433813397747093
0.5572373934088563
0.5474753668003289
0.5524191824312245
0.5621146660862316
0.5479142386049936
0.5534526506546459
0.5503482713517431
0.5461943473410201
0.5463831299360223
0.5514927685907457
0.5548724229799494
0.5440225165057748
0.5502268827737371
0.5517569927979988
0.5443001559610497
0.5497059337290299
0.54886913491082
0.5523840041040216
0.5511222719317996
0.549748360634099
0.5462523295321732
0.552004514613492
0.5458727191169637
0.5525638520303502
0.5467189132964896
0.5518064073311523
0.546040940807356
0.5544929642576789
0.5493031618774771
0.5523534209966277
0.5488393955013782
0.5485983657999997
0.5502171403926177
0.5513821174060944
0.5517902733906065
0.5484619229164073
0.5527503596677993
0.5513857647831524
0.5426783169898269
0.5490669002262565
0.5469185353024355
0.5430825206559945
0.5490043628271286
0.5500602300867269
0.5439390195969245
0.5453668826437584
0.5462351129453562
0.5460974731363711
0.5448403122094971
0.5551790397310489
0.546262340627231
0.5488749730735359
0.5466254059870944
0.5499159059017276
0.5458852048618461
0.546691066279725
0.5508972402666408
