0.6529504908429786
0.6527439610022748
0.6453337302732566
0.653779011549966
0.6579396313582982
0.6412749775802026
0.6462990600172974
0.6488839045304107
0.6422080207417574
0.6513117128850547
0.658312600550895
0.6564862931173419
0.6442513480671236
0.6451960731695342
0.6513834206535392
0.6460888510184831
0.6445159615152034
0.6412945586647276
0.6444751266698397
0.6520065132253281
0.6486458007243978
0.6500691587546279
0.6364323746098104
0.6555489003771473
0.6507543743395897
0.6506512870663373
0.6471289537370994
0.6505306588815533
0.6512375350724424
0.6477467149988544
0.6472024841561119
0.6492507572470204
0.6467214657489333
0.6444800667452931
0.6502595027084533
0.6454616021619279
0.6545026003273493
0.6527845868262743
0.6554591431581913
0.6598307725372843
0.6555825411804161
0.6487126816903739
0.6499169472693704
0.6500598119619239
0.6477103668142299
0.654349974998965
0.643112210670192
0.6504839529364562
0.6437861266078593
0.6519877030885075
0.6452702013801186
0.6426391032187156
0.6485722436290206
0.6504885324495201
0.6553958668381356
0.6467494728529294
0.6474751225041901
0.6515253038992175
0.6499604665722515
0.6530357399698792
0.6491684432093076
0.6465249570892976
0.6521023866651126
0.6564632247864604
0.6476364572934304
0.6509399702262488
0.6510731796525173
0.6492975360472617
0.6512549174404694
0.6474918613681451
0.6530832400606299
0.6500554891066317
0.6556033510304702
0.6519047633413422
0.658871774217263
0.6570924002951396
0.6422833306992514
0.6474565263445026
0.6612175532576031
0.6498600528839464
0.6489065953375823
0.650565787659358
0.6568053489503026
0.6419586959948361
0.6502011910557489
0.6525378635350926
0.6528777663076384
0.6566597844390217
0.6494276505655528
0.6495641570683398
0.6502230780650585
0.6503236494477884
0.6451758497297
0.6472117545120701
0.6466139761278169
0.6456818484459044
0.6418928116060172
0.642872979991553
0.646268800858596
0.6466787851557085
