-2672.935119971328
-2661.740292553887
-2689.3746984437876
-2689.523886999096
-2701.6415130305345
-2732.750705825713
-2706.5465004858584
-2652.0247065260414
-2705.9935778744625
-2664.2405764680057
-2720.7874522862357
-2695.8116849137978
-2688.834235651579
-2665.7599713331106
-2680.8437543164355
-2667.898616624937
-2678.4202471857843
-2687.2329179730204
-2704.918964416384
-2666.763942628701
-2686.549590543323
-2718.6091832188667
-2692.0324277912164
-2709.3731309279187
-2660.6530412735337
-2709.387551746675
-2701.1963410391004
-2682.0501619108377
-2691.536178002907
-2726.996922613314
-2706.6188649900964
-2690.171096348747
-2701.2184220865133
-2685.775986111129
-2664.636437661081
-2670.486279649147
-2692.0211877975144
-2718.2941579321528
-2676.8038100543404
-2686.7118934596238
-2699.222849644483
-2720.8905052516543
-2689.5748645505096
-2658.7078616648514
-2680.734519895698
-2689.733276015384
-2692.0207031974705
-2716.0917634628718
-2673.296050181338
-2694.9355297843354
-2682.7061631229158
-2670.166790298371
-2720.3057002931987
-2711.426068172333
-2680.8682253409434
-2682.329469638811
-2705.8311599909316
-2715.9704336139434
-2689.397814821264
-2659.519755847335
-2695.3616110564267
-2656.413972969662
-2687.7000326058755
-2694.9538900923444
-2745.115833324904
-2677.5958453772932
-2715.6492071308776
-2723.5215375112707
-2640.7865610829854
-2691.6519559098497
-2677.8753547940955
-2685.3597368461824
-2681.7251590593823
-2654.5376307210686
-2689.7563496759662
-2701.6039832326583
-2691.7777198427734
-2689.7943658255763
-2712.5856719456665
-2693.759905403356
-2692.638805874887
-2727.140493694589
-2678.667391957492
-2687.905140227141
-2681.072077716531
-2650.2683559474626
-2674.7033369843475
-2670.837283897124
-2670.9437297943236
-2707.0974877306767
-2720.653944943626
-2694.5996251318684
-2657.9590302593647
-2725.954674878446
-2653.95152015273
-2676.4740364094996
-2705.7338313284154
-2722.43514839156
-2678.8595407258454
-2678.2292762487273
