0.5801327031005693
0.5776239500403723
0.5751008500718288
0.5761601883204097
0.5733783391416734
0.5753695200701774
0.5799832888653509
0.5710447851293029
0.579109798523715
0.5759733494303597
0.5773469914511788
0.5780151663215624
0.570419826329672
0.5690141361671965
0.5760217035054571
0.5735562820282484
0.578975600457628
0.5790244058380174
0.5747477749533244
0.5737396186170515
0.5746190313407683
0.5673898914186747
0.5774985351928956
0.5828634811790483
0.5677686545105902
0.5694620255941675
0.5777137314481748
0.5747847353130653
0.5776162156897816
0.5771307158716795
0.5713342448493268
0.5774818579120802
0.5753299060273878
0.5788106080208049
0.581061848478506
0.5734388422282929
0.57287488339942
0.58036812284836
0.5706031244955795
0.5729688811610475
0.5773058261966552
0.5699499197584852
0.575976683077729
0.5738249939362797
0.5711626739613377
0.5791528401353165
0.5759991107985173
0.5734545985393198
0.5668236579350326
0.5772911947235628
0.5773038837749161
0.5709648864022372
0.574376326809225
0.5779403190440018
0.585594306295803
0.5813353573788964
0.5757631378254399
0.5768161111618396
0.5699879415861044
0.5807578374804394
0.5745902307342721
0.575793229871716
0.5791687918278844
0.5771758457228994
0.5720850915870465
0.575334033911025
0.5732383885364989
0.5779934775140686
0.5755693225401516
0.577288640373285
0.5738031383001886
0.580873287404466
0.5754582166375313
0.576193560942329
0.5761010469715266
0.5758945533946879
0.5715517255875118
0.5791953594895891
0.5778184872697609
0.576555946256919
0.5724729010394098
0.5733552459100334
0.5749091732707619
0.5757388855259693
0.5740356946546241
0.5775909977979488
0.5802168578835518
0.5783306741844504
0.5707090842551025
0.5772417310609236
0.577313520333972
0.5724185512406937
0.573621076870014
0.5693022270666442
0.5749832420394348
0.574370090570763
0.5781439120367058
0.5796376912104968
0.5751377972228169
0.5724831971271933
