-2661.735166899335
-2649.7839771404506
-2679.9975112328934
-2677.0905849109167
-2689.235547264122
-2723.486211778986
-2696.676067996499
-2639.626553782591
-2696.613910264171
-2652.5077562799083
-2707.847569855798
-2685.5235857649172
-2677.7958426482155
-2653.802417957692
-2669.0144187652313
-2658.7712232058316
-2668.1498830704363
-2677.3190927073383
-2694.546120618947
-2654.108767242578
-2677.622411766508
-2709.0275125603716
-2683.4717683875447
-2698.7637333699686
-2647.1337085993655
-2697.1978226289584
-2690.4942440735085
-2669.877921295181
-2679.8283388893565
-2716.5047283271865
-2695.683264529252
-2679.3060331561655
-2690.2097091287405
-2675.3434682484312
-2653.410849731785
-2659.313168419506
-2679.6584458742855
-2706.822925300308
-2663.285390349915
-2674.0470095233873
-2686.4601632724225
-2708.5977073136273
-2677.573025508732
-2647.7708750435186
-2668.7703362472434
-2677.4443822386233
-2680.9116170098523
-2703.8091896383125
-2662.8315825706773
-2683.3087861513923
-2672.6668184253685
-2660.3357210053514
-2709.381394189689
-2700.274868559841
-2670.0491741611263
-2672.245376513726
-2694.3853813888977
-2705.6181851824304
-2678.9611795499536
-2648.0152104152367
-2684.475744406889
-2645.846914807423
-2677.8448340941786
-2681.944655728166
-2733.546609973051
-2665.5042717083306
-2702.8500470397844
-2713.6139041705856
-2629.2271037643277
-2680.2307537835027
-2666.256112316531
-2675.869986280452
-2669.116625112087
-2642.9482066298515
-2676.2944643673145
-2689.4521119095048
-2680.34005101994
-2679.0014918470597
-2699.0393745262386
-2682.118283630235
-2680.631376028271
-2714.4489578406465
-2665.2557487213103
-2677.8923577376545
-2668.9002330800686
-2639.246324682736
-2662.7284960253032
-2662.6487502742393
-2658.512826335687
-2695.2116625511158
-2708.7657659435085
-2683.874950083847
-2646.6008449094275
-2714.850973069673
-2643.0395918908703
-2665.680696324895
-2697.6084934873966
-2714.246725841504
-2668.8014735243314
-2669.3820933204047
