-2258.334030238185
-2231.0700113256153
-2237.893778565976
-2229.060701876571
-2217.819313014294
-2206.2409188358874
-2193.366997545912
-2250.4473387736093
-2219.5388453140545
-2240.631951414878
-2218.334504315849
-2246.7209535030847
-2237.8936510710946
-2246.2907350080936
-2229.0703767361338
-2241.5619200008614
-2221.6469740074594
-2272.4906410784542
-2247.0543712489093
-2217.232970929161
-2208.2817027405176
-2181.3401764008304
-2235.493618182133
-2236.063260153567
-2234.1101082767786
-2218.7985695544694
-2226.3707340480896
-2214.542147505859
-2241.0815836621578
-2246.192043245991
-2239.8576898618035
-2245.1241839100635
-2200.7323673865562
-2258.4245457547318
-2216.477448595721
-2250.494403573255
-2220.621818355492
-2214.4234539221848
-2201.9507598023997
-2218.689294554392
-2217.9572950093498
-2226.170726633569
-2224.061805147135
-2217.2758117080834
-2226.389539688941
-2265.264940849558
-2233.5996261590544
-2181.630020545931
-2266.6629742254026
-2220.4740467414313
-2253.584594381156
-2196.4114492557387
-2168.2319454190056
-2237.334925056433
-2233.0231964772543
-2245.3963640831535
-2218.870929990267
-2227.966951364209
-2234.8044243155355
-2244.4583246481207
-2221.8561086813697
-2218.8388556901477
-2208.482185099907
-2203.0937863912995
-2227.6394453664016
-2221.225514199939
-2213.4931033409484
-2205.820676994811
-2248.829428515988
-2228.9755990971917
-2255.3417506106352
-2236.0114176934485
-2238.141896639924
-2219.1791563693732
-2207.161307764694
-2217.336793193368
-2229.258988880807
-2200.147146494119
-2223.966728702997
-2228.399845969053
-2227.7476114145197
-2227.632123775481
-2204.694237593755
-2253.1091419084805
-2205.161528144492
-2222.0202314942553
-2219.2441548816305
-2208.4601902297777
-2203.360507205083
-2198.827201529763
-2227.9805269641356
-2224.4217289534804
-2250.483311646887
-2234.753827237735
-2242.247439699721
-2240.8633163945906
-2214.1243698900767
-2256.6007534277273
-2186.1616773254455
-2238.3033621555055
