0.5835169685252625
0.5781200771747491
0.580571161842156
0.588562266453451
0.5861692548354518
0.5822659724312165
0.582788143640582
0.5725592211864275
0.5773437214648546
0.5832501401460576
0.576349037841065
0.5809048393805789
0.5866654272815887
0.5808984015728796
0.5756445162285956
0.5866909227908772
0.5813225497242965
0.5804278784089527
0.584448117628368
0.5757615921815186
0.5773716523990867
0.5919855033995115
0.5792914430244465
0.5728671408738366
0.5756249005381904
0.5833937738843437
0.5826425630224747
0.5787415358696757
0.5759307448561571
0.5815908472254108
0.5842706601793458
0.5786092664057889
0.5824124006926247
0.5735636606673555
0.5826123401240554
0.5746157373556123
0.5773851143499331
0.5797004637789847
0.5828732342337155
0.5761413584306391
0.5777767057011453
0.5719528625579449
0.5848281345679986
0.5764947537294303
0.5791518428669413
0.5797031392696808
0.5816138247081413
0.5757209279931372
0.5807067255079383
0.581113374045253
0.5724532254308581
0.5856222142768778
0.5833426261462611
0.5771107991637064
0.5841664173547512
0.5822867376696791
0.5858725169550341
0.5779961229991881
0.5846574045154033
0.5785151498231189
0.5799256708588806
0.5913538255833691
0.5866151492687985
0.5782189661753807
0.580976928698228
0.5762954891403338
0.5787602649572455
0.584081702173412
0.5811940215502127
0.5843373702182221
0.5727839930419047
0.5764265468406106
0.5761989365467353
0.5826274022956445
0.5802870316427107
0.5803941079347255
0.5807154273188414
0.5803841274162379
0.5802837488039182
0.5802226421986008
0.5865148265070239
0.5791599948137802
0.5786249638744512
0.577476174892706
0.5918068348111384
0.5762660100366466
0.5787342221864368
0.5838300073079681
0.5800126253609027
0.5859292982584148
0.5743511769481701
0.5788110381466559
0.5820496603746818
0.5797656744055794
0.5726862701985449
0.5776493071567855
0.5810926986430507
0.5768952659165613
0.5746375044447135
0.5795077283951874
