0.5219411069193505
0.5139911091657186
0.5205259187938279
0.5219942542419732
0.5163907136728123
0.5228311959224854
0.5177405104863151
0.5209352315607784
0.5222310351305508
0.5154882314875789
0.5163908664710901
0.5195079537192302
0.5199005107451238
0.5148663285400908
0.5216871179712131
0.5266933388581655
0.5179332406745626
0.5190173787089537
0.5127876335536657
0.5214126399910757
0.515796744765585
0.5171793181506932
0.5214080428543817
0.5258840725804906
0.5168617111465997
0.5148435817049234
0.5183745432071439
0.5176288902214666
0.516512771601434
0.5177085318714252
0.5196170430517724
0.5176261994630973
0.5162295723266785
0.516200261330085
0.5185726469257862
0.5269874933757692
0.5136300481867454
0.5178895473338562
0.5186852862003728
0.5185980702996921
0.5126867016871561
0.5223526226665879
0.515468172322268
0.5149826056035188
0.5249249979965159
0.5167980717319853
0.5134553496903878
0.5202130348093532
0.5229522097569356
0.5193404359125702
0.5182759777105004
0.5189430378243416
0.518920313628092
0.5172828308499678
0.5217717396669922
0.5140506998074157
0.5153329849415591
0.5158193452396564
0.5152658694041875
0.5164974577941324
0.5213561603715007
0.5213308757798912
0.516298027071349
0.5200996194637335
0.5189335920131054
0.5168702448265335
0.5179772323665658
0.5111777851955286
0.521374636034724
0.5112935546948909
0.5226137701062324
0.5233318294641618
0.520908243009151
0.5203855123926717
0.5130030831431915
0.5196284788241144
0.5148835174449113
0.521716858035158
0.5138612250808062
0.5140293205877691
0.5209156636250101
0.5141883124721462
0.5202185626445792
0.520328038763135
0.5183436126722857
0.5221412691329477
0.523818828954154
0.5196512097012959
0.5154666946855931
0.5218064376728938
0.521596920979314
0.512174053765341
0.5181113559516219
0.5133204334101361
0.5183446890152059
0.5139766568230495
0.5155518981931153
0.5136111781169116
0.5149871984606817
0.5214391974546085
