-2251.615112963226
-2222.104018807971
-2231.46989921484
-2220.5323579427613
-2207.3682489036046
-2197.627881029689
-2184.700225916294
-2243.469901966978
-2211.7112231831643
-2232.752245271675
-2210.0347101713637
-2238.483590712417
-2229.314050316523
-2239.79992723717
-2222.896768605029
-2233.178812878045
-2214.2177356702796
-2263.718103019662
-2237.2420206478123
-2209.7213733047197
-2201.78783714331
-2173.278626718254
-2229.4468104288626
-2229.0224234101524
-2226.539726767341
-2208.454653922153
-2217.389050103526
-2205.568006248129
-2232.35383203354
-2237.3141434076933
-2230.9608696161945
-2236.6519440329657
-2193.916054165621
-2250.783213743657
-2209.3238750644077
-2246.3205367360383
-2212.7397085227403
-2206.900034286644
-2193.9331532280585
-2210.0504749232277
-2210.8429747665655
-2219.619665386385
-2214.047139237782
-2208.30062360071
-2221.0243446550858
-2257.1538445516526
-2224.5118382008536
-2173.250159051727
-2258.5269483519082
-2212.0041251553744
-2245.504636422022
-2187.29146944015
-2159.6619464270216
-2230.6823644481015
-2223.600777522604
-2235.918316538358
-2209.1455805994574
-2218.8657130069573
-2224.688004799752
-2235.467093921397
-2215.343166272335
-2209.0214617714255
-2199.125846140404
-2194.3911777726767
-2219.288315013386
-2213.4664664252646
-2207.005557024429
-2197.7159169121737
-2245.2149639583877
-2218.5169902401285
-2253.0763205238954
-2229.0535219864987
-2230.5518186309196
-2211.508592302332
-2197.5873833384358
-2208.974509992015
-2220.4159435883435
-2191.8835836950043
-2215.0008037921284
-2219.456750314896
-2218.3041528594445
-2218.0187748243793
-2196.4954049640783
-2245.2767349491996
-2194.4153292598335
-2214.2191841184413
-2211.389246003529
-2199.2989931993507
-2194.4692541048166
-2189.2777651839215
-2221.6520719567425
-2214.754428784868
-2241.1572788419585
-2224.9416247643912
-2233.9355471721656
-2234.2703821149744
-2205.0845026038583
-2247.3725057230463
-2179.1102518334965
-2230.5817905248723
