0.5879486316397032
0.5898945744821582
0.5894917994170272
0.5919978034010618
0.595493805294373
0.5988532050180453
0.5923229588231489
0.5889434492247877
0.5913528228752207
0.592464356984181
0.6003839923022103
0.5921316445298443
0.5910411196470106
0.5903436044410573
0.5938155599124727
0.5924023989541684
0.5928537489901811
0.5936545314938212
0.5977790430658192
0.595717472139188
0.5934420920193484
0.5957559811381081
0.5990465112647257
0.598997673197653
0.5909426841330114
0.5953377327066831
0.5880366900638088
0.5917345136965397
0.5985972365715506
0.591810499849043
0.5999335979014134
0.5900212738373465
0.601979480623601
0.5995658504550858
0.5848764498376107
0.595010991335241
0.5908647163249501
0.598969720021465
0.6002833683399995
0.5944469322615342
0.5899468394440126
0.5938418177339535
0.5934324859117256
0.5888108594043805
0.5906939189087033
0.5979675845494105
0.5904875295602908
0.6014997822559585
0.5925057551205235
0.5823720698082482
0.5969336282111675
0.5886900311196293
0.5956975619428784
0.590916843554434
0.5893897297076236
0.5856394147607049
0.5882504091941243
0.5991001555677586
0.587640218445387
0.582242617244438
0.5926988627620293
0.5921225995733351
0.5796849075972534
0.5970034034072236
0.5976420982091794
0.5983237537086237
0.5879490016240653
0.5959282613583172
0.591985623392757
0.5922184325567684
0.5931513446214481
0.5920160967219982
0.5988401321689142
0.5969573222368302
0.5980058662386999
0.5955529582818397
0.5864671663603834
0.5925746726884676
0.5957584148043324
0.600669237747705
0.5903926429981609
0.5934552068698234
0.5919604436474788
0.5887098418507812
0.591027876657779
0.5913519412830814
0.6017188701665162
0.5930708748919183
0.5925758694579267
0.5891056613050967
0.5940336837947061
0.5894421308957795
0.6049392078815385
0.5951275894029279
0.5946869333502354
0.5941596007330329
0.5932418744761779
0.594737957939903
0.5951978133609573
0.599875902079395
