-2276.7156245117762
-2258.7608092462538
-2254.70316591977
-2257.4124997415283
-2295.686076910935
-2285.947412235534
-2251.7745403660015
-2293.5917980656077
-2280.329595330875
-2287.457274212917
-2296.6927487341018
-2301.3118687098886
-2302.9513552499434
-2277.9713138707325
-2302.9675358403374
-2304.513800331724
-2283.7879006739663
-2299.1185531619776
-2298.1404709100407
-2298.8421403039756
-2260.3056309913213
-2269.630614375338
-2312.668042116454
-2271.4611131247407
-2266.7437121836692
-2274.2038978135115
-2315.0671450777704
-2330.8213918454608
-2270.5011427835293
-2266.6924237176927
-2297.48275374421
-2303.695622080655
-2283.9933933867737
-2298.793231576786
-2262.4419612984702
-2316.438421441257
-2256.298178599056
-2325.167692656335
-2298.225282527915
-2282.9073355896267
-2323.9982483024673
-2305.4394807944423
-2292.1200645217277
-2261.59681001925
-2275.4862825380274
-2314.9995450734236
-2323.346281253214
-2262.917067433776
-2277.426311199483
-2273.3884734573694
-2258.9544498236082
-2270.4620666303285
-2282.990217018391
-2313.493472068305
-2267.5527338654992
-2269.4575310711602
-2288.4688735041714
-2294.136197759019
-2287.9747794925424
-2280.903399467729
-2277.710402101183
-2305.9354026504525
-2298.9180378890987
-2296.4246347419316
-2260.9484572279644
-2281.7256361105124
-2250.1065594583033
-2285.8170575047798
-2291.4301040565765
-2270.1826932340505
-2280.6659043198174
-2339.331276426058
-2284.9554120427924
-2273.433901792423
-2304.2697266592686
-2293.268641395209
-2282.6651201978398
-2306.977034031366
-2259.3661149322247
-2260.3420368283014
-2309.810967275126
-2315.142922039799
-2288.382168312901
-2293.321399342039
-2322.817097624931
-2240.467438483212
-2321.8147667928965
-2253.7337308391006
-2268.6785255115656
-2324.772229067421
-2330.8265634106137
-2261.936621527964
-2292.9659462528825
-2266.110472719006
-2291.1428656100534
-2289.7041573627894
-2265.62165970558
-2285.9333385434766
-2246.527573189465
-2269.4082696782384
