-2270.088534238085
-2249.1573310769572
-2246.1125213116175
-2247.2956551607954
-2288.026744204603
-2275.0704493172825
-2242.7798355077193
-2284.6163493334984
-2271.0877299294402
-2278.09796833636
-2290.2842288227707
-2293.805899310544
-2293.4382460946968
-2269.66265934875
-2293.290216019447
-2295.013030182399
-2274.40502093218
-2291.8868292193974
-2289.9712244947727
-2290.5718294749595
-2250.6152361431577
-2259.939430088106
-2303.1831982153994
-2264.564789215073
-2258.2858909633587
-2265.226069802081
-2307.7798778696365
-2320.496322888623
-2262.149474822968
-2258.193742135407
-2286.922081633961
-2294.826341338222
-2274.080297721479
-2290.0608651531707
-2253.7010154002846
-2308.644411401206
-2248.1862719970704
-2317.3779017681386
-2292.1233795325134
-2273.4852633189066
-2316.7720744283706
-2296.051066820743
-2283.4668475630297
-2252.4369157531924
-2267.3662595423757
-2304.548691442921
-2313.779567477364
-2252.139434278825
-2269.1644531718034
-2266.6727065254463
-2250.4875281618542
-2260.9839969420027
-2273.8134592951287
-2305.472649262225
-2259.2592653046586
-2262.5639727135044
-2280.019027980798
-2282.8657636279727
-2278.779625886423
-2274.044828021045
-2272.4584374715528
-2297.466891610228
-2291.9446485757444
-2286.095208105877
-2250.4912269241972
-2274.292488097052
-2241.5911649110253
-2276.8154529603853
-2281.491315452287
-2260.010660801898
-2272.327166721021
-2329.998616855928
-2274.6207740227283
-2263.0986933140302
-2295.2068060312486
-2283.992837551756
-2275.386315732671
-2299.3550068211493
-2251.166462960384
-2250.7475022986873
-2300.888379066887
-2305.802262966756
-2279.1682496708604
-2284.2944406685565
-2315.9191234965188
-2232.413831347159
-2312.135359788081
-2246.4714383257974
-2259.720273691752
-2315.716797722166
-2320.9643112644035
-2252.3516810319106
-2282.2510796630527
-2255.9300750316756
-2280.8578241620608
-2279.5693384698243
-2259.4023609472315
-2277.4310988933844
-2236.9860760291913
-2258.8356457145323
