0.5325108740444123
0.5271361275067648
0.5294122813767899
0.5246951888816568
0.5343866732800895
0.5274697316534441
0.5293039127535974
0.5285299490025318
0.5300539489668717
0.5317712195606432
0.5272356853415343
0.532620251820862
0.5274473974921114
0.5326714168296917
0.5236500760950585
0.5283206456505654
0.5296802183241363
0.5304960879588398
0.5265361188285104
0.5313547659682818
0.5251798686074735
0.5306150329525012
0.5285267590259981
0.5327590593986321
0.5285745644916833
0.5265792683291723
0.5319058922505687
0.5255798775623024
0.5286412926865788
0.5322719510697763
0.5292892936477285
0.5257543614626821
0.5273933725357346
0.5303451525721665
0.5285717168542933
0.5321502992125978
0.5308776484266509
0.5324773001455878
0.5309515884070707
0.5311536343768035
0.5362465859087253
0.5304073094644526
0.5298569823420268
0.5290881776974153
0.5277043176784977
0.5264626173992151
0.5251432549924072
0.5297457695066697
0.5296807096417984
0.5311863877535871
0.5300034600094622
0.5262068604290802
0.5322896110522823
0.5348933800989941
0.5311615854785899
0.5284715078580062
0.5273010510164593
0.5240835523349273
0.527818232361741
0.5240842617207351
0.5306921839051951
0.5352907552748488
0.5236467738248711
0.5275551037071837
0.5284499804985686
0.5308664855801668
0.530434666301473
0.535997476777285
0.5249853856388969
0.523549130074544
0.5271875251260973
0.5310060406731326
0.5290248214477368
0.5283524708117356
0.5395062999104967
0.5322313091617279
0.5301284104896823
0.5410065890998432
0.5315557205415153
0.5331584461051415
0.5311300592125244
0.527567333300059
0.5300593660242886
0.5277276453674803
0.5249080536000988
0.5301408211121034
0.5348044240720977
0.5354640335857859
0.5308075798633543
0.5290171281014882
0.5287976675061732
0.5249345033232855
0.5299007963218185
0.5270645976644256
0.5234599382434764
0.5252650185382333
0.5360569394944277
0.5319672441800437
0.5291254884837011
0.5300838282081936
