0.6064852667285913
0.6021191393392509
0.5999008499343848
0.6087001766371612
0.613603641449011
0.6043438678622528
0.5955913050801076
0.6076503206365351
0.605116787680577
0.6058058044704118
0.611153512643978
0.6013131996000868
0.607658961189853
0.6064688953298261
0.6080375798007439
0.599542595067978
0.6064123900472407
0.608071132033315
0.6056171154772624
0.6062562189217546
0.6051937926658242
0.6080899971360295
0.6037761323579376
0.6095877322455396
0.6053450439611507
0.6016155876059903
0.6116328452878985
0.6045200006261956
0.6140030580710814
0.6100852977842196
0.6087265107456784
0.6087773074411795
0.5997732052891483
0.6004799496517838
0.6070873801734411
0.6000657529668257
0.6012836096386706
0.6058778924567182
0.609053127782879
0.6018267172867071
0.6004502546254883
0.6056292580220701
0.6006378491426373
0.6027322286513732
0.6009020027092896
0.5959279225615898
0.6045552176038044
0.6023399810893851
0.6156005995953264
0.6080782229526496
0.6013590096794194
0.5996120967417912
0.6051565245040632
0.6032859206429896
0.6020803314290527
0.6057644355047231
0.6075926394202698
0.6040708497316903
0.6045507733896442
0.6086636115172861
0.6137013363281736
0.6072385686556029
0.6046702752260366
0.6016903151767344
0.6068615154015187
0.6063110155006539
0.6157515973933685
0.6032072466092924
0.5979816017563903
0.6015612059867231
0.608284398831734
0.6004270178631316
0.6090222954029684
0.6095095471614801
0.6049254796813079
0.6058796886259794
0.6054274969160294
0.6105225348355647
0.6138035383306889
0.6061770687689939
0.606715934376552
0.6054799879816084
0.6095854505269002
0.6073929029409331
0.6153619222204877
0.6087568328562595
0.6101992189515765
0.5944490295213857
0.6132965344797219
0.6076753699193296
0.6018326104956213
0.6084440262413358
0.6008923269324905
0.6050561550364816
0.6047395757276043
0.6063419612560201
0.6061400694730388
0.6150372206514366
0.6055206629615227
0.6058687129322992
