-2362.204441555052
-2367.3471261682284
-2352.8605613426994
-2359.076648282356
-2356.2806857142273
-2343.048842132428
-2368.6473329344035
-2339.1609340345935
-2335.211406486212
-2307.3293421925064
-2368.798145454247
-2331.8715783838766
-2364.9886818083587
-2353.9946950496283
-2347.383668296231
-2381.6806257863645
-2379.318347042758
-2361.303043380557
-2368.2607023604955
-2378.346247996065
-2382.2125890995653
-2391.7816673679
-2342.822885473891
-2372.7386403310416
-2326.214812274626
-2335.145765226165
-2334.185295831992
-2345.323999354242
-2352.4867389653923
-2339.665812779565
-2375.266596622378
-2379.2760965556736
-2331.160404288278
-2360.2392601846404
-2335.8096623829933
-2379.719526399775
-2352.349260715772
-2348.007503519459
-2349.996428120132
-2339.3227686395576
-2341.9183110706317
-2354.891474099884
-2372.2815100143653
-2360.8079564467325
-2380.8072187047774
-2370.4263697401384
-2341.156099914191
-2394.5673287267637
-2326.774608941045
-2316.2260618456203
-2395.9135789538404
-2369.43140375109
-2352.0696104198346
-2365.85639284243
-2361.8423429301565
-2352.9477325767407
-2389.043769877636
-2324.1244167806854
-2380.439667760242
-2351.8402669037423
-2381.6934467779492
-2368.2515155490155
-2349.6839472073984
-2342.1659427273507
-2362.4018366255427
-2347.4445361289177
-2366.7159233431153
-2334.999911488313
-2353.711489587904
-2366.174715630585
-2354.276764364393
-2362.9925621069315
-2358.810870679575
-2363.66800242608
-2353.843466280518
-2362.503116243766
-2366.5277658588093
-2386.73764568919
-2353.384992817415
-2324.1777368855787
-2346.4270192361328
-2346.272981265772
-2349.095415573498
-2346.488528482309
-2360.6240150052495
-2365.6690879879443
-2388.5092781375956
-2353.8211330726294
-2403.103194510561
-2369.5258276709255
-2357.1918286220707
-2312.553965016324
-2371.3968883152875
-2357.3145310493346
-2374.335672376615
-2357.444372482599
-2361.6622823111597
-2372.6981841143956
-2366.979093272346
-2352.7035970369775
