0.5419880067208078
0.5374618884006698
0.5372894013035641
0.5406841968510765
0.5421422321850677
0.5377194700299446
0.5469591689833
0.5418887635611181
0.5346410084315607
0.5420113557682725
0.5374390185474108
0.5378592987023372
0.5377897412122475
0.5408875619408263
0.5441607029113079
0.5398691073307303
0.5407577201282798
0.5419384086365228
0.5441764339729703
0.5396564758111687
0.5381889918324185
0.5326547118065107
0.5350299929597014
0.543913753688786
0.5372209190139903
0.5375267614369572
0.5369235924419695
0.5358777580176789
0.5374253556123931
0.5376851406886226
0.5375907427979937
0.533660804067344
0.544075711135428
0.5377275875839047
0.5348690845831818
0.5388120633086072
0.5386499506232226
0.5437431796362073
0.5400534458305088
0.5403054679336323
0.5404498756175418
0.5330264786251678
0.5347419744345129
0.5411976868024475
0.5415483650318207
0.537707888861514
0.5426618733772471
0.5417476449707751
0.5367297390756118
0.5391852735943664
0.5426813033030026
0.5397557814334862
0.5417466727395707
0.5407562759724593
0.5354105059205715
0.5379812620711837
0.5377637353232575
0.541855617884396
0.5366994347433749
0.5422947111623457
0.5409898559300849
0.531075033674654
0.5345333974316144
0.5397210336020283
0.5484597620610916
0.543007674021372
0.5408686788331033
0.5419194978093679
0.5384112332954818
0.5418062934539652
0.5329520361368182
0.5404181107901649
0.5366557465114723
0.5381132917530831
0.5432808222966883
0.5394235691622659
0.5407013746913428
0.5394830336006827
0.5403552409385906
0.5413602087623794
0.5432438568587693
0.5357548683217515
0.5405198471695447
0.5440070908269553
0.5404837604651826
0.548158301593433
0.5349498895369165
0.5364418950940013
0.532856911101348
0.5374513381885347
0.5423535341917861
0.5385117026706191
0.5400198332385472
0.5387370495974725
0.5390031980934373
0.5373890136753213
0.5388720279834416
0.539846120571062
0.5398286092489691
0.536922535847295
