-2352.3351646317988
-2357.5230930036964
-2343.3166011864464
-2349.3151212418907
-2345.2486161536826
-2333.415105103354
-2362.191779487123
-2330.9103645506502
-2324.726824704445
-2299.9110022275445
-2359.9417649854354
-2322.6491228909863
-2358.733764789034
-2344.005746869637
-2337.607838578429
-2374.0388164334836
-2369.9478545251886
-2351.0537905893275
-2359.8217821296043
-2368.7222697679476
-2374.932669603021
-2381.9377205680084
-2335.480038379824
-2362.408669619074
-2316.355349891632
-2325.4955173339204
-2322.4593351838666
-2335.986496047244
-2340.552687909874
-2330.4121063114476
-2367.1909852457734
-2369.0081081589283
-2322.2882997928887
-2350.7247891995667
-2326.8025004898186
-2371.120421619288
-2343.4726023467274
-2339.3794842608595
-2341.2109658501563
-2331.6780076463115
-2332.613357463856
-2344.155389065668
-2362.25113069801
-2351.973310633679
-2371.9685425308508
-2361.3750267000687
-2334.1684624202553
-2385.477799777889
-2314.7902897446747
-2305.7713537999994
-2387.193062164404
-2361.195765348001
-2343.313237901444
-2356.364912184497
-2352.544092547334
-2344.481274796875
-2378.9068643499527
-2314.268734100199
-2369.896152802733
-2341.4767890441694
-2371.454072329271
-2357.454079394427
-2339.455151310659
-2336.625146603
-2355.4287682788217
-2338.1691038537697
-2356.3708730927856
-2326.6416416601764
-2344.772287756148
-2360.2021115162934
-2345.1285760349583
-2353.737725442928
-2347.7180569867965
-2352.949850561199
-2346.2788749985702
-2352.185563778942
-2357.8414744568895
-2375.762732283902
-2341.9551775022287
-2314.958407088168
-2336.42554343984
-2335.487234418425
-2339.6807056944367
-2339.6555944331317
-2349.9266318622795
-2356.4986192336605
-2376.92051079788
-2344.5763982515587
-2391.003972298729
-2359.064118356894
-2348.2588085812963
-2301.819083594202
-2362.218134510264
-2347.3627237865335
-2366.2171332352564
-2347.235362643072
-2353.6586394384053
-2362.4825051425228
-2357.025640769949
-2343.5758225077543
