-3101.6765154836403
-3081.6051241624596
-3119.832511620826
-3107.684268436551
-3109.8848036765403
-3090.8819814244457
-3075.255852736889
-3120.8489650663264
-3130.239647675037
-3089.881263941497
-3088.275603163392
-3105.6782557313504
-3097.5565035268373
-3084.351771478706
-3105.7545062304184
-3110.8176255095373
-3078.8209244516243
-3084.0790577835887
-3135.181206526673
-3107.138324679067
-3134.375519858889
-3091.745616979564
-3057.766188024063
-3091.7960975541564
-3102.907834602642
-3080.283632040364
-3077.869790629731
-3092.7029055523817
-3120.7512419591285
-3115.7539555958842
-3088.4726267154792
-3117.060696700511
-3090.356717022952
-3097.5420724483324
-3097.140368550982
-3097.010479895834
-3080.3038409677915
-3071.406656303273
-3107.6288963551383
-3085.6959496506097
-3068.1131559024857
-3102.1113211413895
-3081.3541688032374
-3088.815899290912
-3091.5767479834035
-3134.605984241601
-3095.6933195470256
-3125.057195414521
-3098.778249634804
-3100.0172104074422
-3119.7393352672157
-3101.693700794117
-3112.0574040633305
-3058.772679690885
-3115.257796319177
-3042.4508169771484
-3104.7432200214935
-3103.844279426313
-3103.9042561493443
-3110.9391839224727
-3107.602406620125
-3065.6313245359925
-3113.244083106867
-3086.8314826867017
-3095.9988007894945
-3079.6246231624186
-3100.1936343451243
-3091.6583648953188
-3071.522289104337
-3106.8750501123263
-3097.514969655295
-3073.861310638842
-3104.0170990055008
-3087.6056568342874
-3100.6712702600926
-3102.2841796052353
-3168.048938415642
-3101.06559850146
-3123.7478732516784
-3112.104595911424
-3080.791302132999
-3054.518607747867
-3095.937677674388
-3087.672533779193
-3115.6930497064986
-3095.685927697595
-3092.8951188763604
-3100.498579625369
-3102.3517747945602
-3117.6609100667715
-3089.127694630692
-3080.582642345549
-3119.0920690382923
-3089.5416015186815
-3070.8470025426113
-3089.737488965157
-3085.2002418063744
-3088.0142143051926
-3062.162496329353
-3138.686606112101
