0.6838038809570681
0.688556539480697
0.6856885659203941
0.6861832115891953
0.68590233227421
0.6849799709908545
0.6794443181920996
0.6828175596491893
0.6890601832259723
0.6913715989787632
0.6884086859351162
0.6893004934655114
0.6899240215200798
0.6905416805943925
0.6843603482582474
0.6836150457334556
0.6771878791892546
0.6805896901773594
0.6938696780629328
0.6841755912185294
0.6907378696732179
0.6932074236847481
0.6840572405211396
0.6826625382496672
0.689311480804822
0.6837664108388949
0.6827405953437263
0.6831817472447612
0.6816555271500712
0.6864822553226738
0.6874851054175041
0.6860363348025705
0.6841548367104685
0.7010957906769724
0.6854769000968877
0.6850141552164858
0.6835363726029847
0.6838535488012432
0.6822660542420232
0.6847341358060658
0.6949551717999621
0.6799107247156027
0.6871170682515391
0.6894851347483612
0.6918556529801205
0.6949004735755241
0.6872464312102247
0.6825807254427643
0.6753562583150793
0.6846215478702203
0.6814596441505416
0.6826516547482104
0.6831185544061867
0.6860738672445305
0.6837935928989354
0.6893707587932104
0.6837095159008973
0.6845175394418408
0.6878964620522771
0.6919753121115078
0.690197020285715
0.6824919095638672
0.6852793640527968
0.6899871083002456
0.6873112390667432
0.6824175162352814
0.6833429512000729
0.6817065339433723
0.6803650596301906
0.6825686129771789
0.6838731884966426
0.6870450348695054
0.6814148317396623
0.6883017688671139
0.6901682236963275
0.6803457882631253
0.6805833613525691
0.685611402514451
0.6915720968264554
0.687809595563998
0.6827328186186823
0.6863854349636043
0.6846958815220751
0.6873129354339328
0.6877291139054371
0.6860277158127229
0.68620401446537
0.6826486118904495
0.6862572855484507
0.6896124442774445
0.6859838701126774
0.6893083018830626
0.6858902905030848
0.6823929000575331
0.6802914149230058
0.6926115541954686
0.6892474898112219
0.6809126843904019
0.6843775365336336
0.6840550895745965
