0.6109653630532217
0.60383215748031
0.6007278382415175
0.6036354751418759
0.6055558803983742
0.612525518932419
0.6112575936736421
0.6096734588155608
0.6049303635045443
0.6044629615735159
0.609505428964171
0.6060579900431302
0.598825808850042
0.6077380294113118
0.6071111386877468
0.604150761616245
0.6090522578655436
0.6056308972842747
0.6014030713499166
0.6074031957619127
0.6050431324874945
0.6043889813816494
0.6025054806842163
0.6048216941060848
0.6026176587019961
0.6078921640869337
0.6084165134497606
0.6080534635091004
0.60621888453199
0.6030883794509052
0.6024221172877493
0.5987927792414948
0.6004611640091773
0.6088794812272665
0.6066491653689603
0.6076613540294987
0.6093667328248258
0.6069827826794051
0.6098559217593595
0.6022471562144712
0.604516987147635
0.605612108491209
0.60876235897249
0.6090852320229445
0.6010996191431024
0.6034564576755849
0.609576258159746
0.6067808677297241
0.6116556084332436
0.6018905472032118
0.6080958563460731
0.6035861449458244
0.6072479144694533
0.6037803913286142
0.6053322337745699
0.6075749601584803
0.6035957862534501
0.6040544856869967
0.6061725332118416
0.601340034311418
0.6128121349480812
0.614758021384711
0.6057743729958335
0.6061871155336149
0.6105875651833393
0.6074220517301961
0.6090391670493742
0.6050802850019431
0.6088611773993131
0.605818683026944
0.6041087197904977
0.6079242917288514
0.6048539785789172
0.6060027549146038
0.6044676920790598
0.6082900691368411
0.6092812397389369
0.6062582598062439
0.6047148157844029
0.6052712034514766
0.6045743316099887
0.6041597386307094
0.6069103261446649
0.6042242324063204
0.6058433461443624
0.6067123104107315
0.6084113920877159
0.6053258648307879
0.5982905424764322
0.6039764218111197
0.6035442371796377
0.6094046750069225
0.6077128635217975
0.6029784648293187
0.6095551144466858
0.6031040479464065
0.6058769015534775
0.609762009969631
0.6003162648294909
0.601360985428811
