-3089.8001385966877
-3069.6283851001876
-3105.954884277583
-3093.735482870122
-3096.60439469607
-3078.9751885070195
-3063.5899702796596
-3108.88987698351
-3116.1013589311965
-3075.468963300622
-3075.1552816719727
-3091.9853565045996
-3082.5661910009876
-3070.432428061409
-3092.515971113785
-3098.477017694277
-3067.2525697586816
-3072.0794393522233
-3119.708829545928
-3095.0219227816947
-3121.080109409591
-3078.2041411528667
-3046.9864958606854
-3078.972434141164
-3087.9055574147087
-3067.3958089271746
-3065.1534849861823
-3080.4385040208103
-3108.4168612935428
-3101.3349313005906
-3076.993617087176
-3102.7252872905374
-3076.7778237186076
-3081.661735661842
-3083.9800764118195
-3084.627595142492
-3069.5222325585382
-3058.4275680761993
-3095.3887825281777
-3071.694172141669
-3055.3579249621866
-3091.8048871344286
-3069.173004580233
-3076.3531973478503
-3076.0556524783774
-3119.08863479739
-3082.5281714500293
-3112.272568764511
-3088.551875902001
-3086.7392512815527
-3107.577943679436
-3091.8596952226894
-3101.517615256372
-3048.335410001472
-3102.2199937847336
-3028.54831585139
-3091.826621519756
-3090.3600656475123
-3089.7055237583572
-3096.3583117004205
-3094.168710030277
-3054.076399984797
-3108.9258369363683
-3072.497372584684
-3082.641926565699
-3066.7565616003853
-3087.320407305513
-3078.866335662244
-3059.026589597501
-3094.1831833413216
-3085.307227523302
-3060.6801594919993
-3091.626203857918
-3073.9803013286414
-3090.0185210920777
-3091.1989380368423
-3156.0326470986174
-3089.099569487702
-3109.210652416954
-3098.6603514641643
-3068.518157989764
-3040.620356554185
-3083.065600457603
-3073.502124694659
-3101.5366782824804
-3082.1429098996846
-3080.5308763459284
-3087.2437971530303
-3088.722431127544
-3103.952040103525
-3074.9979632044297
-3066.8179933161814
-3105.6997649847317
-3078.4024660528203
-3059.528515609438
-3075.2067143611534
-3073.499024761926
-3076.1178499644893
-3048.586453250414
-3126.8310074114947
