0.7010207550075527
0.6978440708773522
0.7020288924503183
0.709020848774733
0.7025273199011971
0.7033610837683142
0.7008040126205898
0.7006846338391713
0.7090895564783013
0.7007524906696972
0.7064503381746435
0.7051355614220121
0.7049305972412883
0.6983979381210754
0.6986926868724154
0.7123129828402487
0.7016474298432948
0.6993977195675776
0.7043616339500458
0.7038732442836992
0.7057696871628
0.6912687300585304
0.7024680516891838
0.7023463036790979
0.7022417937622331
0.7011923864635909
0.6968976008028067
0.6968551127599473
0.7089075704459109
0.7090593435633756
0.6976673857596501
0.7054254518464383
0.7044204615194863
0.7014147842922324
0.7033325478470832
0.7063856727590463
0.7046125454257323
0.7014468545900275
0.7004930925052618
0.6991358407721391
0.7083201485824732
0.7042951843609065
0.7000848793674377
0.7043802021608122
0.7017005824926109
0.7081108076671961
0.7028803625885887
0.7003561828660154
0.6987734763413707
0.7038585329658709
0.7002198396395529
0.7070292504315316
0.7044596566514222
0.7023550673591054
0.7108705100324647
0.7045972898882541
0.6974646626012823
0.7057307442385065
0.7005049227105877
0.7087830038876781
0.7035086146601562
0.7007452160520232
0.7046171111088179
0.7061620044051459
0.7052495833928465
0.7052501118457907
0.6996607395667603
0.7017975428800428
0.7015741019800779
0.696897942315043
0.6964104262935099
0.7023292933537436
0.7028892255547936
0.6988433954984759
0.7060607632896801
0.7025161437656883
0.7004193906298335
0.702446845807325
0.6962270941991187
0.7006294468598838
0.7003704213469052
0.7073971853024158
0.7032548191277214
0.7072414472242061
0.6974661295307338
0.7019925306363273
0.695132231061459
0.7030987700655006
0.7011787695469393
0.693011564305473
0.705465740290552
0.7030150697760162
0.7066948933578815
0.6981567396268121
0.6987964440275561
0.7033598322772655
0.7090629422338509
0.7085109822728146
0.7051532252896673
0.7000240023380421
