-3374.134056213214
-3315.556421715333
-3350.023790246123
-3309.0913162166016
-3314.344251564577
-3299.2849351877667
-3344.440157421948
-3358.874811737873
-3304.7077273745076
-3312.5172480497977
-3338.207273199681
-3316.41183109309
-3354.617781248312
-3306.9447011237817
-3324.5695786426822
-3316.506217364797
-3329.7294118061363
-3295.270317425209
-3304.0320717156164
-3310.584166687336
-3327.715145165767
-3338.10841237064
-3335.393939389177
-3321.853970717525
-3313.946186517165
-3313.4852498377413
-3309.282155205758
-3362.896494511678
-3293.694690535816
-3299.490758668706
-3345.2595300203307
-3332.360726895452
-3346.2547026072366
-3335.4124177346475
-3348.9055769368038
-3295.471618727881
-3310.376504403403
-3366.2045072782057
-3287.26394281211
-3294.754647994859
-3309.727325595735
-3311.831634838401
-3309.962036685046
-3363.1243304844625
-3337.924222144818
-3336.8971033209723
-3346.456179174571
-3322.7517697068506
-3286.6600107325444
-3324.9364645202227
-3297.506771546341
-3317.021216889439
-3311.091858514106
-3302.0444878142403
-3327.3849622400853
-3313.1152334294434
-3354.201713205536
-3292.8352220335582
-3305.4128602514784
-3349.3043876245893
-3307.3606726998123
-3314.697879043137
-3304.2448733438146
-3307.2736924042824
-3314.2092003969415
-3310.1955493703695
-3321.378201463592
-3282.333049268948
-3296.6760417633873
-3344.86684240803
-3270.2629299893056
-3339.721996792532
-3333.649114336759
-3353.281652346079
-3343.1663371924865
-3322.2346965211673
-3340.961792969013
-3295.3603001617576
-3352.020809323421
-3317.0872244451307
-3346.6565127164668
-3305.098843407184
-3334.443608747766
-3331.5199982923546
-3334.9772610902455
-3348.7521988184885
-3327.8951781367164
-3304.1668551680164
-3328.0474244470647
-3291.9664116120566
-3336.1235950939194
-3313.0455052300117
-3364.3554429809715
-3297.0138334650374
-3319.86631645265
-3314.740718303567
-3291.9514566108023
-3309.801341949066
-3328.959328345115
-3325.1545992323076
