0.620653960059408
0.6193838222793817
0.627099842783515
0.6291456199320207
0.6249118544069818
0.6181635211289067
0.6172423665724383
0.6179592486151197
0.6195531458680923
0.6201646531132683
0.6201558662251939
0.6172514846292917
0.6208935539699884
0.6180318553319787
0.6226307861169463
0.623800540202155
0.6216667214729006
0.6261105508120083
0.6250302483511668
0.6199091678666659
0.6190193747201659
0.6285212107883728
0.6204536977071644
0.6206239660637067
0.611863959583633
0.621571901847358
0.6194573170854498
0.6271991833861694
0.6140476928471466
0.6189511984013869
0.6205215578513029
0.6169062645249039
0.617331404943906
0.6223809773431372
0.6213217724302439
0.6196826422305333
0.6280498463402231
0.6199983844068511
0.6257814104225733
0.6204677877882909
0.6208318205054034
0.6163570642497939
0.6197740808787449
0.6218650985639312
0.6211089021589322
0.6264524301142356
0.6262476903087895
0.6179122666710636
0.6251490118098093
0.6228042845346138
0.6200934021851343
0.6180845166207911
0.6264167036026936
0.6159176086463434
0.6148346668079138
0.6232371225180399
0.6231577124526595
0.619830232837713
0.6218180572971452
0.6235161659834193
0.6222019100564379
0.6185206677109366
0.625648682322014
0.6205379094527912
0.6181788727690324
0.619680259115095
0.6193771881749857
0.6204769788008907
0.620733928559397
0.6203159009198991
0.6233343339125064
0.6215020459256773
0.6181237643709357
0.6221852045279486
0.6227147631707146
0.6218076901397596
0.6223308988194393
0.6240836659973219
0.6238216231088456
0.616238708167934
0.6234087585336101
0.6214889575667972
0.6209702629941971
0.6171927928337293
0.6175930951512518
0.6233696070318268
0.615463048563039
0.6166719798987457
0.6170938409046706
0.6231412796497493
0.6165710462577682
0.6139384808633278
0.6214136606872648
0.6157070786168968
0.6235933966359634
0.6192133965756995
0.6188151957163237
0.6230446887695622
0.6196957378722191
0.6185203502896256
