-3362.3442228062286
-3304.0907257313656
-3336.847954759793
-3295.911528917485
-3300.6721200656316
-3285.6172547588267
-3332.7945258008817
-3345.594861402067
-3290.202356564082
-3298.5082506685117
-3323.7262147743413
-3301.5665092268778
-3340.673865637085
-3293.5732247021156
-3311.4947421579227
-3301.6129869650463
-3316.0080287742235
-3282.436453362024
-3290.191685599283
-3296.3728055037627
-3313.548633450489
-3326.957519148837
-3321.6264273026727
-3311.159640346952
-3298.267809699742
-3300.875817170149
-3296.0707956807673
-3351.2093269090446
-3277.83072273983
-3284.1373265410493
-3332.114430440908
-3316.9147230965127
-3331.780727440846
-3321.5801699438
-3335.2960453621818
-3280.8127662643215
-3299.5838513489043
-3358.5852392097413
-3276.478662499915
-3280.961091519829
-3296.427754896585
-3299.935368908973
-3297.9570212319986
-3349.003406313678
-3326.256916373431
-3322.6982693924847
-3333.5744242932196
-3309.5210020395716
-3274.398491648789
-3311.2114826439583
-3283.7693862601905
-3302.6647179750407
-3297.8808535032695
-3288.0247930430123
-3311.680280038493
-3298.917816498587
-3342.5251127059937
-3277.830973960299
-3292.11329586735
-3335.7345488816586
-3293.2367215135464
-3300.3828611465037
-3292.6281257815695
-3292.1690056994457
-3300.0441259897793
-3295.6286432908705
-3308.386263998394
-3268.3197632834617
-3284.300380272096
-3331.704974036678
-3258.2358739866127
-3325.3537124304075
-3319.8786069096564
-3340.559437621637
-3329.418324224532
-3309.404101324992
-3327.0549897770993
-3282.362882540593
-3341.297435126259
-3302.8414785881555
-3333.3601729006546
-3290.4738199613666
-3321.7145729402464
-3317.755779113895
-3321.0292989442587
-3335.7124688579397
-3314.1737890079967
-3291.288180275632
-3313.815706176959
-3282.1901554092224
-3320.5736533707363
-3298.331389754579
-3349.6446242868747
-3284.0024067944873
-3306.4257281339787
-3301.3133498718657
-3277.8874101022016
-3294.679946268672
-3314.1303054553346
-3313.342478740651
