0.4736559429304602
0.46967392282775317
0.4715363773257
0.475671644016547
0.48263338830934555
0.49118244159668095
0.4832550920139214
0.49244126519115455
0.5063924761046789
0.4724903757481485
0.4857738025544865
0.48326303110657554
0.48218845397452553
0.49386981079459025
0.48216604424799026
0.4922773749333389
0.477331861722128
0.47887704858696484
0.49128929287443024
0.47724950182842035
0.483571767949199
0.48960813276175874
0.4671258300753731
0.48348513467428567
0.4845639377062447
0.47485120845308987
0.49246271463250074
0.47660452663956837
0.4818406931944146
0.49676959504983537
0.49155083906659286
0.48151575890698695
0.48602170250377924
0.4831653293889059
0.485148513137262
0.48633191962904404
0.4836180732389552
0.4871158876104633
0.48482837432494635
0.4743970188012119
0.48822495404251537
0.4704022261399257
0.47943421197294434
0.4896137653524462
0.48297654200470125
0.4737315796679885
0.48690475298465097
0.47794081694652907
0.47632322807705024
0.4829608612096427
0.48392521778529746
0.47759072754927323
0.4922227476259382
0.498837318201835
0.4890571030407842
0.4910786141468713
0.4851529482062274
0.4790912930441689
0.48835686655259586
0.4779832829731604
0.49598302513366993
0.49505941566125194
0.4843924466095388
0.48732382174398964
0.4802213406621978
0.4640982594087905
0.48493970556488
0.47992935093368694
0.4721258405816206
0.47591972666129106
0.47847638693287053
0.48293403104820354
0.4824381282202511
0.4816664848476619
0.47951687950833544
0.48554695540134524
0.47794508913888845
0.4847099014539492
0.4951016835752438
0.47665320887733237
0.48197128997194744
0.4914662384439933
0.4893187372090657
0.4745694754461861
0.4763096641661064
0.4664121398583695
0.48001726885675067
0.4863582325902905
0.45732920133409266
0.490271980298456
0.4831698948386924
0.4789141270047094
0.48661869650268
0.48938271473161904
0.47363012153647804
0.47464869118809794
0.4803009292409059
0.5016983409853646
0.4776182472483367
0.49261956146534924
