-1976.4691298971134
-2001.113366485644
-1992.7880628364642
-2000.6509127804693
-1973.307692460566
-1983.1942857613694
-1987.9998093712938
-1979.6409975789202
-1967.0048060038528
-1991.3618757785532
-1999.4325682908488
-2006.2217963607065
-1958.7080607475432
-1969.635533233291
-1987.9702039990486
-2027.3455904807156
-1978.3080516018988
-1937.5381338817253
-1965.480487260014
-1954.159995394751
-1972.8140203770192
-1976.3712761497304
-1973.669803933477
-1980.1228952091758
-1971.8253679920836
-1962.3881074933859
-1960.3870691785412
-1973.353189579518
-1950.9643335949122
-1984.7590850732056
-2009.5361884824727
-2011.5993840718538
-1941.4526373222245
-1950.2171244451406
-1980.8386166285864
-1966.930693812216
-1944.2522661897765
-1967.0251137731177
-1965.8850815599112
-1958.6646240947841
-1975.9594171422368
-1970.0796317818847
-1970.8105737715405
-1985.864476325165
-1935.745017395585
-1964.946395254284
-1969.5040723592429
-1971.0777027023807
-1967.5504818142435
-1973.896778786641
-1968.0239684447854
-1995.6732183085137
-1997.4234321109045
-1965.8482132589484
-1980.384880462948
-1978.1636572641933
-1980.1109705409358
-1999.9767769793789
-1967.1980917295746
-1946.3831121820497
-1949.4904235073452
-1966.1836922742486
-1942.5407150298406
-1981.3875814658213
-1950.9571280018706
-1982.5359400671523
-1941.9965433754983
-1987.487445138658
-1966.8048521881399
-2028.979489671362
-1957.6942292479048
-2003.8046166673162
-1967.609769281447
-1960.0172547520913
-1952.2870633397272
-1980.3486302837816
-1977.4564338757984
-1965.2050234576182
-1996.43827358286
-1977.2241559938616
-1964.436343072959
-1930.188710161641
-1977.7083993769188
-1961.9663910328895
-1971.0995125770228
-1954.7199929932665
-1970.5845962102505
-1973.8360232429993
-1994.3723209187997
-2017.4900497062217
-1941.4626957606838
-1968.8207630170634
-1998.689748610182
-2014.9381561974035
-1988.307162061822
-1960.403436115445
-1979.068534864373
-1969.3102440363411
-1933.5397628166836
-1945.3003443306793
