0.43157948074535163
0.4346958222798999
0.43936890039686394
0.44019675475122044
0.44736829111666343
0.44536014176577937
0.442748549495247
0.443270090478631
0.4492195135372361
0.4286658979405596
0.4356995212433754
0.4335990426446937
0.4476491181238412
0.44475214086524356
0.43083953627679467
0.43811990286941416
0.43959168745928046
0.44193419823577407
0.44622991669939177
0.4385264213113836
0.43808516544837245
0.43592129054607603
0.431685842698401
0.43647878964421033
0.43857355386576397
0.43405243161418366
0.44516425563722495
0.4389118317780136
0.44110460915380817
0.4375479032935111
0.44579427113726067
0.4409226965920919
0.44168856299756176
0.43981879712628524
0.43661628637876365
0.4437067400883095
0.4426329856630884
0.4391614041517345
0.44638774033177614
0.45258679076183306
0.4451135873581336
0.4386861667558823
0.4342808651605415
0.4419631992712003
0.43976328426009187
0.4461447383791936
0.45007295379546525
0.4286650807876032
0.4400017175336933
0.4425853630449383
0.4397023387894884
0.43977389573115355
0.4366760304208323
0.4349658973410013
0.43543294945539807
0.44760209868467005
0.43430387748486105
0.4377782993659407
0.43971991651280495
0.43513543444025454
0.43527665801963733
0.4394875848762466
0.4442304003671329
0.44291780274010495
0.45148275114593167
0.43371685002063665
0.4366129068099656
0.4394386699144176
0.437998265794968
0.42875234309341176
0.4422100828521414
0.450712444331457
0.44915311552731807
0.43668218469494635
0.4383026120665919
0.43598072943730715
0.44708352436754056
0.44115457142455916
0.4454427451265346
0.4344863340892664
0.44927159187258875
0.44520377370870906
0.43544651707136284
0.44266785440036116
0.4333998643900164
0.43348160946912956
0.44507767218801336
0.44294854371305825
0.44032211353353307
0.44149197624699626
0.4434192281495121
0.4354268798602169
0.4435660815364048
0.4428717548867516
0.44694033176739734
0.43702354780732944
0.4451578935652408
0.4420222480480382
0.4364297053766757
0.4405303494534706
