-1972.1009422420666
-1997.3032614848448
-1988.8685172832095
-1998.1094973730474
-1968.6356718531028
-1977.8032451861286
-1983.2908085939046
-1974.0290534708952
-1960.26300857415
-1987.930048281785
-1993.8393191619566
-2000.6299341365448
-1954.3955626546137
-1964.6129975045462
-1981.5794848439198
-2023.8261354622273
-1974.032574529046
-1933.0315744751126
-1959.7826590303198
-1949.5922889327412
-1967.0707584313993
-1970.4158254745766
-1969.0539518698452
-1974.678419666212
-1966.13607050879
-1957.1761327842062
-1954.7821943927183
-1968.7140782507904
-1945.893452126399
-1977.4627334487411
-2005.1628590151722
-2008.0198084484675
-1939.676050523186
-1945.238052393322
-1974.6638835147398
-1963.5061431755744
-1939.8103475356988
-1960.8759628087557
-1960.9259668867182
-1955.810168393155
-1970.9215273223826
-1967.174961159911
-1966.9091299455847
-1979.737830264594
-1932.9801549523468
-1961.2089939166563
-1965.7457579270042
-1972.1929980702985
-1963.1954703534218
-1969.918843881974
-1966.2047198704126
-1992.1072213117448
-1992.1839112979867
-1957.729067427776
-1973.667276616466
-1972.8451557771004
-1976.1540943303953
-1997.3798836249766
-1962.5033115801484
-1941.7610905334325
-1941.7788327454648
-1962.0896052595458
-1937.4488005056153
-1975.934375963305
-1947.3165998709521
-1978.3271622060647
-1936.6461446895687
-1982.3009627980143
-1962.8877755168671
-2023.5039907624912
-1952.8459712904307
-1998.9673639518548
-1963.2820960157508
-1954.9679290034549
-1949.3026981369542
-1974.5309570986053
-1973.2101873864783
-1962.3594800364467
-1990.1591029612762
-1971.968501995395
-1960.624749283053
-1924.3423733440293
-1974.5672483149674
-1959.8014763465742
-1965.8921718789727
-1950.5829942211244
-1966.0775456323677
-1971.1292403296513
-1992.0039775885743
-2012.1694184023106
-1939.0173135476646
-1963.3781316779764
-1993.1610153818679
-2009.0858216307415
-1984.6892955610517
-1955.975622867331
-1974.768347602854
-1961.77068073624
-1929.6833338668914
-1939.1200390684812
