-2535.5999040056467
-2510.146710632048
-2496.2955648743787
-2526.897429472166
-2509.022448376031
-2514.4365585805535
-2513.4560115935305
-2514.108602753451
-2559.3681960529793
-2541.5977542681476
-2494.8390431723906
-2517.0408097520794
-2522.35294554765
-2513.15763887787
-2488.3209372942165
-2530.3617236834466
-2515.4545644128725
-2519.894098761461
-2516.1337909368667
-2531.9678311147977
-2485.0255678048447
-2533.902258469992
-2517.3405846748587
-2489.769568353035
-2519.3312813347407
-2521.4839899489043
-2498.0805041903527
-2532.855456968424
-2476.7248689223857
-2550.175710733146
-2516.034918791894
-2525.12758168959
-2497.594436028762
-2539.8003830734647
-2513.3468908076466
-2508.835545698185
-2513.182818285484
-2495.8401876247067
-2496.572315442982
-2485.6635457807674
-2531.808732050801
-2512.400902053093
-2537.886204551905
-2539.588328938522
-2515.377647082585
-2528.2678069452936
-2541.9035374622945
-2535.34246583607
-2511.3562384992156
-2528.8301915849033
-2515.5314597266197
-2522.6855567492557
-2501.84406513691
-2506.856832916223
-2543.9457732382084
-2508.5393281022198
-2513.6366838091635
-2496.952894662247
-2489.7421294162345
-2513.5274978124953
-2504.697823563664
-2522.508660914315
-2514.8586900441046
-2526.442101419309
-2539.126377137568
-2492.6886161849375
-2499.960847649924
-2523.1226299448786
-2487.8935347561087
-2501.872498190941
-2532.1305611907064
-2523.942610770823
-2503.0605435643824
-2489.578223537325
-2501.013206857813
-2496.8016504602233
-2518.029034105253
-2510.720875802534
-2509.7791795294133
-2518.7474912206962
-2551.5989270730147
-2540.5290395489374
-2525.7312375410843
-2507.496252440624
-2525.6023189783455
-2548.054469489925
-2500.2514345078616
-2480.5830317953546
-2549.580147110244
-2509.0828621187034
-2529.737094129247
-2514.164044156778
-2513.04241233543
-2507.1554705094236
-2511.428615317192
-2485.3355610188105
-2501.5373658757594
-2534.783067338837
-2501.4169324418594
-2546.4832699100452
