0.6287893819531072
0.6356364858700563
0.6241151350614874
0.6218009828484349
0.6243596730667691
0.6320711393578377
0.622386038115058
0.6309732796639278
0.6295492701113409
0.6297473755520007
0.6257664588669754
0.6269778005647599
0.6265591857643807
0.630432235279303
0.628491069731666
0.6309924064463014
0.6252405136667409
0.6277031444657175
0.6277555228515066
0.6285452873677426
0.6284978970364101
0.633675153344215
0.6259971834656626
0.6301780226119819
0.6256428162180909
0.6264106739239119
0.6324531302537895
0.6327040912625838
0.6373540738720707
0.6295908847871136
0.6285580763665476
0.6258919268922988
0.6178271313241737
0.6261985647633738
0.6240485477915407
0.6228378972991185
0.6324549573692543
0.6249628718924806
0.630641145390464
0.6312373239384422
0.6265689213785981
0.6350678706212242
0.6321798973089054
0.6295853350070072
0.6277811159454268
0.6279930558364666
0.6326052441599785
0.6259589637431884
0.6287903163928695
0.625421924505586
0.6288296101838851
0.6195957819192067
0.6254268304825231
0.6333839639522248
0.6258423270148309
0.628119961796077
0.628005504186233
0.6252457761762699
0.632535754038534
0.6294523442686967
0.6243305683545878
0.629778366582087
0.6350814746279391
0.6259953353936548
0.6270420192865818
0.6284412317603324
0.623536769747748
0.6399296115043905
0.6291133611269666
0.6292521894464982
0.6366836783845446
0.628614604612428
0.6279276919296225
0.6340168282130603
0.6283544070977559
0.6264405832456935
0.6290226871444912
0.6287653091341938
0.6260641458555801
0.6337899229314437
0.6280822215603791
0.622612859801116
0.6246936956077603
0.6302054737142989
0.6381077095056445
0.6295070996095203
0.6287379568937761
0.6296562018348913
0.6261394148380105
0.6313760537619044
0.630346526125518
0.628062593575914
0.6262946206833943
0.6247736928731601
0.6289325287194846
0.630897980195188
0.6325114551494986
0.6326635022636582
0.6286479804023125
0.6299769977752083
