0.5609853578487413
0.5589897842100973
0.5607023677353953
0.5606900250587078
0.5574190810739919
0.5624719257048436
0.5551097168641046
0.5588956135782652
0.5582315663020551
0.5549110965478081
0.5599240313051659
0.559128123506327
0.5628379861968987
0.5571920453433178
0.5574083184406757
0.5624700830888248
0.5575291847218488
0.5602081740716867
0.5559967612824223
0.5618935673119795
0.5613537411760902
0.5565211083558413
0.5572813428537424
0.5586003222014685
0.5628652934185578
0.5605535170531111
0.5494908817290233
0.5543827659748944
0.5582570870316363
0.5625180633851161
0.5636005166380971
0.5647067142972212
0.5630258217147984
0.5590292296209824
0.5611331726682383
0.5592042801740604
0.5560918871385517
0.5586281172086655
0.5600729710909287
0.5555774667714989
0.5616907017870947
0.5540815592074345
0.5563581354619399
0.5628899937033581
0.5606780886943518
0.559109121718326
0.5585225425473115
0.5593628733526863
0.559849462173405
0.5589000539555787
0.5562548017165492
0.5616871976567157
0.5548763418764586
0.5551721904403656
0.5607407826029337
0.5600665310196793
0.5537206623946285
0.553204680591862
0.5597759238235206
0.5571765410363653
0.5631611551387672
0.5574117773205405
0.5620452866987401
0.5592336579423787
0.5591702260245517
0.5630640099916893
0.5530347942762488
0.5574957677768193
0.5623271489282033
0.5578682724005656
0.5576636350699224
0.5667923365302117
0.5566727450528908
0.5595435598461416
0.5532178996926416
0.5590373380473379
0.5587566989393747
0.5589126506462184
0.5607148524659532
0.561000978861132
0.5621779736897772
0.5512083878696337
0.5589615225421998
0.5608115294333895
0.5563564530748005
0.565088647262246
0.5537788859731492
0.5531019597090248
0.5594032041515917
0.5598749233525528
0.5553975438123989
0.5590962715231823
0.5636258999851667
0.5562542405670681
0.5588856299977407
0.5601571360731908
0.5544786967221138
0.5589070202330999
0.5610001023157133
0.5629980755232747
