-2526.960851059393
-2499.4405526077117
-2488.644859278435
-2518.102228859013
-2499.8354919157523
-2504.3347149249803
-2506.85878121761
-2502.874212118004
-2551.1205454335227
-2530.037657158608
-2489.2787803666283
-2506.590802696921
-2512.283993768255
-2502.206620428242
-2477.1679749090113
-2519.7729600478965
-2506.71090103297
-2509.179091950252
-2505.3822965054665
-2522.3445871216645
-2476.0814646526414
-2521.9322731540074
-2508.8108699102863
-2478.403373299724
-2509.5541041931833
-2511.1585978778376
-2488.248295902781
-2522.0704147649176
-2466.615130252201
-2540.0393980199156
-2506.354600187307
-2516.7009330561527
-2489.152954257116
-2532.5477525408187
-2503.211987390435
-2498.763091799601
-2501.909026853124
-2486.1125471819823
-2485.3389873134147
-2473.645892679215
-2522.191282933583
-2499.744892089596
-2526.0416435108677
-2529.1076094682903
-2505.8459220120994
-2517.517330330702
-2530.2450419508787
-2526.0533142551735
-2505.0318922998204
-2518.745354357821
-2504.2148171542435
-2513.835474357861
-2491.0588028460234
-2494.3284241164074
-2533.816672203485
-2497.86120630756
-2502.9753603052504
-2486.2909607933707
-2478.5539784317257
-2503.6456175679564
-2495.143337701724
-2511.6158370465096
-2503.5598680736425
-2517.316408600547
-2529.805317282847
-2485.3406314861013
-2491.249125366301
-2511.9897876869977
-2477.2569988471846
-2491.536298219484
-2519.910905615685
-2515.65476786355
-2492.0160782567573
-2478.76660426546
-2490.062137701772
-2485.869928461406
-2509.5516574740623
-2500.811129774711
-2499.612540564782
-2507.0215083381004
-2543.9448577806784
-2531.161319357296
-2517.090162652401
-2498.185650955382
-2512.767221350422
-2537.658473768348
-2488.472736888224
-2468.75261770393
-2540.3636876931214
-2498.128125823429
-2518.0646947618684
-2504.86331116312
-2502.9562987496056
-2496.6033823317402
-2502.1147219936006
-2474.2497843113997
-2490.7618814843504
-2523.5542859632214
-2490.7765021264245
-2536.355481261868
