-2193.3759491082387
-2128.9575219680473
-2162.234621391786
-2153.5784301413
-2161.0206493969085
-2136.8021684524306
-2144.4887356243185
-2180.2211474426617
-2180.9534928660064
-2185.315605817242
-2152.3341706624437
-2188.225681918045
-2175.7532531587917
-2138.136468779305
-2194.975243576247
-2157.6908670547955
-2173.753297454756
-2155.02822243558
-2181.8984428413796
-2185.8074023089825
-2154.5736280178985
-2172.931252158449
-2137.1567927601786
-2169.820506443274
-2167.9910638428923
-2157.908690282846
-2189.717011269171
-2188.0532160534203
-2206.0145472085105
-2144.7002822602653
-2176.889975680875
-2151.283275458359
-2160.7661068425828
-2180.125389343471
-2170.6397357002056
-2138.9207915271945
-2158.57810428811
-2160.6231683590204
-2163.2411636109705
-2177.9930173596476
-2190.2099785416117
-2174.735944941588
-2155.700607766535
-2176.399227905799
-2155.408112012014
-2150.5014002960957
-2124.969860761809
-2207.3049614310535
-2169.4929089617217
-2179.6698921876587
-2167.4290737134374
-2172.2001230611045
-2175.4607573155945
-2169.4917324220023
-2184.4812677090886
-2143.986585279012
-2157.349285775748
-2180.6632906752884
-2197.911741647498
-2161.583392941523
-2178.8944069485897
-2200.9572927918334
-2162.1656238902756
-2164.807723201384
-2145.626170852155
-2165.009656116175
-2168.443268716654
-2186.3524322694093
-2188.442819292521
-2172.119623838963
-2177.202903414046
-2160.0744945507004
-2142.9020012445453
-2149.074967985705
-2169.3547418721987
-2164.8230854677836
-2158.1997948221706
-2153.4184670087516
-2170.950822883518
-2150.622814113174
-2163.4332568842005
-2175.136023879079
-2181.329670309312
-2147.4563162613686
-2151.1087152362684
-2147.5545249560505
-2192.1657688604223
-2172.506053010118
-2168.8355393600987
-2181.798731763011
-2139.3878914401325
-2219.5793031003836
-2157.4873141079693
-2145.093588783014
-2174.1746562817593
-2178.489474752697
-2153.4609849384906
-2214.6726073499817
-2169.146124102272
-2164.085360151027
