0.5768181822274107
0.5578009695460254
0.5651182370008286
0.5648182210743996
0.5725309521279065
0.5745954166948772
0.5731548584524694
0.5726691481165338
0.5690823838755005
0.563854103043642
0.5688380792510868
0.5712881515365378
0.5738650161398289
0.5710251414714783
0.568576377876742
0.568852164165536
0.5784693951590016
0.5663379220809831
0.5630026751311811
0.5638458472669474
0.5603557903071082
0.5623948769584175
0.5667730762548521
0.567636892797424
0.5671437205881689
0.5728812209543732
0.5683094747134845
0.5683881366146846
0.5713915721517501
0.5637134308507762
0.5626861189003126
0.5707283863405143
0.5644455954357103
0.5675385876569758
0.5691330625496156
0.5662976573242458
0.5666508100544233
0.5624159506066835
0.5689423624509236
0.5649249717583144
0.5638493810969515
0.5600534465601876
0.5616947264722632
0.5652896449415598
0.5692196418088314
0.5698799562247968
0.5682590892493228
0.5720665061190148
0.5713483380597413
0.5678584475351688
0.5602223497754496
0.5588693665154433
0.5690696770252899
0.5605089629421139
0.5676359142460657
0.571722456686952
0.5600539942092493
0.5601271403458797
0.5740166233475171
0.5637198526392578
0.569764299436711
0.5713287842491166
0.5618856352077014
0.5610965361373612
0.5708428663682658
0.5601052246238217
0.565356077904316
0.5670480181676707
0.578090563249307
0.5796495775243092
0.5707591116355828
0.5671914169019773
0.5625105906163326
0.5705013840577103
0.5652032996562839
0.5697248066760559
0.5704473272346607
0.5681660615351125
0.561243363165827
0.561903937446657
0.5661292730760913
0.5723996602401514
0.569731181726822
0.5646406500503716
0.5707808256115149
0.574775530022432
0.5639613118880071
0.5695206667040762
0.5618021988960679
0.561463417761258
0.5689821408618305
0.5696213826006139
0.5635543368530681
0.5709086121315887
0.5713169496191884
0.565530910135465
0.5644712977363768
0.5607941630105142
0.5622578642572186
0.5601521923108811
