0.5076963340616505
0.5039163973186751
0.5067797291305183
0.510435636127096
0.5017116228143333
0.5087952311227741
0.5087999535748765
0.5095197325047522
0.5106891779549793
0.5090879644374499
0.5114218679419448
0.508047157302124
0.509938407734817
0.5051643829755352
0.5066611245055784
0.5086427441892176
0.5044993485475161
0.5014549784735806
0.5050429615501202
0.5068085972398302
0.5014277313813309
0.5010782823305265
0.512942369595784
0.5083575873063751
0.5051686387058618
0.5067245321728955
0.508416315048981
0.5004529712767176
0.5051599856819485
0.5097223764599187
0.503724837775149
0.5052206645808076
0.5084707922344492
0.49967919540923245
0.5096694122673195
0.5131175296798566
0.5154474149971501
0.5075139308381142
0.5104891692791911
0.5069631924108815
0.5013429134350074
0.5069821593941065
0.5046283917784765
0.5073007894264514
0.5073857136553522
0.5108423886510903
0.5110967772253152
0.5085256405303276
0.5066358877119297
0.5104241172915226
0.5122055893303576
0.5062990182009341
0.5064567895783139
0.5056024767575814
0.506025215863618
0.5104980306732471
0.5003277503999428
0.5080276493462024
0.5041001959540875
0.5081645818391207
0.5057910430595234
0.5127691896662268
0.5098858612820942
0.5038625148694327
0.4991057079596092
0.511656781904416
0.5042872822443253
0.512781362301481
0.5112343265000506
0.5053909741823596
0.5104893211999224
0.5093668837919058
0.5103390734128928
0.5025483907044477
0.5061787362774015
0.5080421403295415
0.5063146472769301
0.5054157527889038
0.5096863478449575
0.5062937823195535
0.5119322325791628
0.5138199350719732
0.5082236718995876
0.5037423514229374
0.5018437188765483
0.5112421737426622
0.5125109523688749
0.5178859717269937
0.5056748084238168
0.5051815380402987
0.5074939780708702
0.5038208089242651
0.5044287448597329
0.5065950618253469
0.5095041091490473
0.506372269379047
0.5034145337954653
0.5030233533703594
0.5050246214818174
0.5058023543464163
