-2183.258494653892
-2122.3579718441256
-2153.849830249793
-2146.7649868587378
-2150.5987103044417
-2127.2428810805595
-2135.5059452281394
-2171.4844928553657
-2173.0663017250695
-2177.640453239758
-2144.2079556563936
-2182.383534358895
-2166.9047822005596
-2129.0040031276376
-2186.3359295198948
-2149.2961436181113
-2163.4221537557673
-2147.258724790313
-2174.80861456578
-2178.0598227709597
-2147.0911518091607
-2163.991421434354
-2129.1237432343573
-2161.4588796936973
-2158.930955252785
-2152.4140011374006
-2183.3996338276343
-2179.104508828776
-2197.456228585651
-2136.9534887705427
-2169.687738061627
-2142.2722029091324
-2154.4422167503444
-2170.7610326784443
-2162.5066511362925
-2132.3488075374767
-2151.5459591143554
-2153.2636640210544
-2158.0938782817557
-2172.827926296436
-2181.6834367112774
-2168.3033225213535
-2148.6581819060307
-2169.4935735889676
-2146.3747500534896
-2142.471351188646
-2116.7233086531687
-2198.0284034604088
-2163.611997981304
-2171.402835248599
-2161.105088659229
-2164.370754586343
-2166.469199069653
-2161.393183056468
-2176.7148947663145
-2136.892465026797
-2148.7405931044545
-2174.286058259053
-2187.8031374372076
-2154.6092123303874
-2171.388321423178
-2194.8561621860445
-2156.1739764256436
-2156.5514719592757
-2137.4303636560303
-2158.347886816748
-2161.1818039548375
-2181.230375783369
-2180.019724363974
-2162.7061067601394
-2168.7779603489753
-2152.5131609532236
-2137.0303603197467
-2139.0441228125856
-2160.8366426949683
-2156.357963733147
-2151.171156421559
-2145.1423172498617
-2163.864312298008
-2143.216767124258
-2155.5754551244568
-2168.0991237260037
-2173.5490505435423
-2139.1101677890583
-2143.3744306507338
-2138.6712747524216
-2184.797015207848
-2165.3832174159775
-2160.917734564665
-2175.3205683157585
-2132.835035405365
-2210.5925109723007
-2149.688325819328
-2135.9718735741317
-2165.1248331433612
-2170.6040419127557
-2145.319224252564
-2208.7971600771143
-2162.7033721898397
-2157.9254409894065
