-2754.1000211447704
-2789.409064173658
-2798.402144960943
-2769.8677831855284
-2762.8998764730313
-2815.279309327658
-2782.275344350338
-2770.490884252166
-2775.4496960703514
-2807.818878943399
-2782.988338251584
-2809.611521171311
-2778.397282091312
-2764.53999655157
-2810.1303478188765
-2751.636852644267
-2804.1609355973637
-2788.688335482713
-2794.654944526273
-2768.1254087955485
-2767.7231692121145
-2785.949010023908
-2774.5196384806363
-2804.3459222708907
-2794.912822131976
-2828.5333440847844
-2777.8902988816485
-2783.149318915565
-2767.2051821444543
-2777.6913300386573
-2802.8095587721778
-2777.21022461523
-2772.8387819560867
-2769.778332695128
-2786.9812371818134
-2769.5606796445745
-2790.5357943940044
-2809.700246786551
-2773.430094049483
-2797.8665013570467
-2786.509131923443
-2779.082227885308
-2758.948992420615
-2808.355459781499
-2777.732327852718
-2772.4152623386963
-2784.2475665994593
-2786.8653296717166
-2798.884196846064
-2806.478818457129
-2801.3941815307608
-2780.381122074933
-2781.1483473016633
-2804.3498588404727
-2791.0929460172415
-2791.4723588861766
-2783.770034281517
-2821.507799766239
-2775.592013400715
-2791.324300689069
-2777.4485301430655
-2785.334229411212
-2771.196719983713
-2825.768712243869
-2795.3601778217617
-2788.6201701856876
-2771.3550624126806
-2755.2716203841296
-2761.6429994679947
-2789.729365659703
-2774.8444455923272
-2780.9673574740077
-2819.8273681945225
-2755.475474150713
-2799.3933017927015
-2784.7515707705406
-2817.5035929381306
-2772.6186806183377
-2761.485454185966
-2784.0955139255925
-2760.932444597775
-2798.090990071915
-2769.3204669961856
-2784.2375023185155
-2771.72965893922
-2794.515379196766
-2813.6737198658866
-2782.5452068927298
-2779.3213759889386
-2801.3511437834773
-2774.634752612741
-2745.6034850518204
-2765.1694001089427
-2794.3189415669954
-2799.020037254501
-2783.60754527009
-2778.3661136916417
-2777.6472563995544
-2775.087917257633
-2791.9177242388137
