0.6637646652247247
0.6546175050794962
0.6576936442845529
0.6540311369353348
0.6555244217874918
0.6539474228765549
0.6621700212725341
0.6596575757721032
0.6622608436947178
0.6587337192234038
0.6585730510121066
0.6625960324935906
0.6691202596953358
0.6606479757787528
0.6565604913680665
0.6538764391508378
0.6530134048419869
0.6607495502357839
0.6655489148979313
0.6595453680002872
0.6583241205267887
0.6639910808537987
0.6652267649717802
0.6550894609127241
0.665289546424174
0.6599843264658922
0.6656990369146837
0.6552785667632693
0.6537093731226175
0.657798131128215
0.6636899100878025
0.6646512626228922
0.6552751401533081
0.658562989726502
0.6586660373232415
0.6495139290994077
0.6509009157468989
0.6469133414877268
0.6550162078349886
0.658810592092132
0.659633038401363
0.6621830560501132
0.6619625572458036
0.6529123817659866
0.6662394575479837
0.6626788424197674
0.65564332099185
0.6640645811119399
0.6576491218163758
0.6537724273114962
0.6636472433888138
0.660383330171786
0.6556301591660634
0.6593737877282947
0.6559000200424192
0.6665995986553038
0.659824058943577
0.6539176424588397
0.6555896197412557
0.6550102191213476
0.6610482803576857
0.6590386563543574
0.6601584644901317
0.6556263173218119
0.654279463487801
0.6659574048248925
0.6531665303407512
0.6576710303091728
0.6564075995184596
0.6624604216454454
0.6503437276530873
0.6571674721303736
0.6602877397618165
0.6660939691099929
0.6504897883052103
0.6596764457437608
0.658489284546709
0.6619084919981247
0.6625321606953003
0.6666605675527395
0.666805068006598
0.6567857262895079
0.6599998209320047
0.6617508851579673
0.6618805257244094
0.6582332166473426
0.6610909805522189
0.6544278611106732
0.6613777357261804
0.6565712424057389
0.6564179454613416
0.6593388060038303
0.6687622358588573
0.6529085792698731
0.6553352590630397
0.6596070029749638
0.6615090194367648
0.6641447924012794
0.6600857265268169
0.6545416457840877
