0.5807482274770658
0.5921608087206763
0.5819636149477143
0.5801784215742016
0.5829803224942013
0.5815490649914435
0.5851359028680678
0.57906931190336
0.5864466753687817
0.5843727906943449
0.5835331476636998
0.5773830643106546
0.5805321184467344
0.5826180187542968
0.5846062248079599
0.587000469325422
0.5848207095984468
0.5812857599521263
0.5814573656757811
0.5819140264143918
0.5827856153294972
0.5853941265830348
0.5863957436164793
0.58299348603452
0.5816848584831765
0.5856822016101718
0.5844981917714618
0.584700877115295
0.5835431449786078
0.5873047121007892
0.5872611161304367
0.5870222226863068
0.5822356982633119
0.5844043893477002
0.5811923938438193
0.5817592673482629
0.5820439777681995
0.57738400291831
0.5848280758326031
0.5787307677736946
0.5839445321450322
0.584938132654906
0.5853339436936382
0.5798887346455966
0.5821166627144425
0.5840345425667045
0.5833343501032423
0.5869756363694099
0.5846570178511052
0.5822668427036876
0.5861766822698176
0.5827978896830087
0.583519325654048
0.585890395321272
0.5771199530930059
0.5841488695985684
0.5827007004618092
0.5821258549968772
0.5846096122484833
0.5829459646973193
0.5819241747899335
0.5838564643605844
0.5818580895553627
0.5847268161299402
0.5785521359814477
0.5870664722782067
0.5808613961563116
0.5828722364974409
0.5836671547716186
0.5872683070581748
0.5823543933017996
0.5809067646091849
0.5835786781960308
0.5845724792128576
0.5842855711515573
0.5831136027868232
0.5852974978756931
0.5890485208867114
0.5753754980268744
0.5789227274282817
0.5854224873344207
0.5836042404387365
0.5813851224829629
0.5826029402386127
0.5813945624867446
0.5820327648676938
0.5859942156323938
0.5830896361501468
0.5754251617632454
0.5794904891506377
0.5840253407869256
0.5864722384406138
0.586978675093656
0.5843157407458502
0.587798202149544
0.5911003626608669
0.5898179136227123
0.5811263196802035
0.579003600178314
0.5845804769114815
