-2741.1316781578016
-2779.7166579475224
-2786.2007882477583
-2757.965829670197
-2752.2826829829946
-2807.1358808418786
-2769.315217630492
-2757.230081353311
-2766.820677984771
-2798.728368928584
-2773.6173356130043
-2797.0845767570354
-2764.403409643621
-2752.827845761443
-2799.882833629484
-2741.051943458109
-2793.0393901998673
-2776.144998134123
-2781.3620302415593
-2756.8138658570488
-2756.3187520790693
-2776.5287878056965
-2762.502922478827
-2792.555106627914
-2781.3744635290277
-2816.6007676944614
-2764.976226918549
-2772.4098375284457
-2755.6719312614837
-2765.6519211886825
-2790.2945914028573
-2764.573673854748
-2761.797557101603
-2757.3736469221835
-2774.5832106926123
-2760.569257900863
-2780.5314689651327
-2801.409170665527
-2761.761491695115
-2785.922571789839
-2773.8290816513854
-2768.953887252053
-2746.482294650975
-2797.4473255228945
-2764.163637552987
-2760.172039530181
-2774.621603928478
-2773.901482602557
-2787.0057222199252
-2796.2899784655924
-2788.9669385191937
-2769.223987416245
-2770.5100860208704
-2792.4610363512165
-2779.6480313954607
-2778.618888364489
-2770.6440428428928
-2810.8429066712833
-2765.3796296997634
-2780.2719469603753
-2764.871157385488
-2773.2959136834
-2758.7008180747675
-2814.561435704631
-2783.383662621318
-2777.04291813426
-2760.023547318805
-2743.460233524668
-2750.2039747527933
-2778.6054758259806
-2763.431974992146
-2768.6690836884413
-2807.920929966402
-2741.74767666471
-2788.4324216578643
-2772.075276779909
-2805.7099072498
-2761.4762958980295
-2747.486190121433
-2769.7691865652355
-2747.5106961682573
-2786.0781396088946
-2756.727986934339
-2771.9090633986593
-2758.750724667801
-2783.726105251195
-2801.3706823159146
-2771.7463925491115
-2765.5005428407253
-2788.7075047053086
-2763.103145822026
-2733.8810239810095
-2753.3671808408326
-2783.5744250468683
-2789.627320125027
-2771.699007085951
-2766.835583081995
-2764.3943275446472
-2761.9029759096575
-2780.870671184259
