-2967.609452792264
-2999.3137735014984
-2980.627776179247
-3001.5488972635253
-2987.4865374282094
-2994.13115262252
-2993.829306049436
-2976.6030541673504
-2979.226376005716
-3016.474063812364
-2966.911982913618
-2991.779983340637
-3017.290424628481
-2985.872597054005
-2975.93503725118
-2987.6768788626614
-2978.305865410131
-3045.932100217462
-2963.8193841118327
-3028.4636307910964
-2977.8497539530244
-3002.0513804093944
-2993.717630951516
-2990.0101393470945
-3001.3110860454394
-2995.8111375537837
-2980.6087968345755
-3005.412015531133
-2994.2979039409697
-3000.571350765486
-2962.618851666894
-2969.2138484077013
-2976.721047726975
-2999.1033612737683
-2964.042278220024
-2968.305737408266
-2974.0106979538423
-2974.6619945162543
-2971.818304318127
-2993.846222594042
-2987.672688712421
-2980.7507317347167
-2981.7174244226912
-2995.4006084644925
-2979.7208242013603
-3037.126092219502
-2970.185517023987
-2995.344700716746
-2979.396030365339
-2989.0519917179713
-2980.7271665655094
-2987.931379839861
-2999.3318411131745
-2990.8126981710166
-3002.240759158036
-3029.405746713225
-2965.1337984337906
-2975.9380124648615
-2987.298883126144
-2966.7181612992454
-2980.2729892407706
-2975.435354565162
-2981.3121933165176
-3004.2040927038056
-2960.4929343955323
-2983.425767930329
-2999.999951254418
-3037.3685456989865
-2990.505380944023
-3024.539172367201
-2975.658490355459
-3003.7458736551116
-2989.68470384333
-2990.166684576911
-2988.4397733390365
-3005.0081494698748
-2985.7036529884786
-2981.1765267901237
-2991.1504231328277
-2994.7829903468714
-3005.925315936965
-2996.6530161146684
-2982.706616129737
-3015.5408934790003
-3004.9048109195082
-2977.384613671816
-3001.1406897291754
-3002.1066611068154
-2996.9857307050493
-2983.4235874036276
-2981.573980744825
-2994.2169860259605
-3010.986902344551
-2990.2023999533085
-2977.95084783194
-3023.1099303496703
-2984.9577404068923
-3010.9803611019934
-2978.5204561705727
-2996.0358175229358
