0.6771100338994178
0.6797801234197735
0.6768333989065923
0.6680648207275403
0.6751037575954189
0.674866439965745
0.6795120738170723
0.6807896066191939
0.68011753076497
0.6773024842157677
0.6826877297883623
0.6825079826174435
0.6761740459690213
0.6742302856884848
0.6721405348826757
0.6751608589684439
0.6788649082113043
0.6771280196512727
0.6754818957740729
0.6778525347294775
0.6831143851461066
0.6740142996506588
0.675876875124335
0.6769230254176575
0.6711373247959508
0.6790200188782034
0.6827347070712584
0.6815352048505702
0.6806942669464657
0.6796666703393922
0.6737384082755095
0.6776069176584564
0.6787372444918215
0.6836466132911588
0.674664269441696
0.6775864767744925
0.6736983788511883
0.6845418822230429
0.6854859625695908
0.6775326955360199
0.676916755521313
0.6725760089666567
0.6732425261033793
0.6763708073897656
0.6831392275049322
0.6821678844184628
0.6860299078598145
0.6771452594803266
0.6775094430243547
0.6845256565963614
0.6783556190414098
0.6721242376571408
0.6733602169253227
0.6758420614159819
0.6733734092457373
0.6771574691337421
0.682223365649559
0.6763890873263881
0.6767113418996183
0.6798220502313488
0.6809840739105673
0.6764499666565862
0.6813233863430005
0.6834726101094271
0.6716813518748558
0.6802420280733505
0.6823204469477233
0.6779665225704722
0.6776709205914706
0.6798994749647658
0.6811174150755286
0.6751147931150644
0.6723539278584157
0.6747629649305981
0.6808325474773488
0.677462068857038
0.6765775259198824
0.6675805336842154
0.6820459884563862
0.6847756645791415
0.6790833901673072
0.6770354232615308
0.6794727350010269
0.6832104295315496
0.6858844523487473
0.6735685367094559
0.680418679403288
0.6816836562158639
0.6754716413867707
0.686062363214713
0.6780433085243945
0.6787045037486097
0.6804146777565678
0.6807490971210194
0.6829591225056482
0.6779886932082427
0.672250331108423
0.6756512450070185
0.6732943672898751
0.6727287633819937
