-2954.2562107167696
-2986.026959850704
-2967.7523837788262
-2990.7131612404805
-2975.496892988859
-2981.801583612376
-2981.4522722092593
-2963.5132877086903
-2966.7705338224714
-3003.557926438865
-2953.8256069897543
-2978.9032871417403
-3005.3965577658714
-2972.497648270636
-2963.507740428671
-2976.6904285937626
-2965.407857879677
-3034.468054768061
-2952.578426689399
-3014.854331612367
-2963.1021211259917
-2989.824372745464
-2981.431715298041
-2975.7687259330733
-2989.5515323040463
-2982.315699761607
-2966.815527175715
-2991.3940994271907
-2980.6453117356687
-2986.9638875236146
-2954.0551535272093
-2958.092645716944
-2964.2002092480716
-2987.033001565601
-2950.66405499574
-2954.9208821987786
-2961.9812305818173
-2961.0161694398053
-2957.6225049474333
-2980.7668120967846
-2974.536303523974
-2968.9590891271355
-2968.94047548284
-2982.312928012603
-2966.068602553501
-3023.380178711744
-2958.8522216430315
-2982.475519728261
-2966.6111539930644
-2975.4282081833185
-2969.663533527761
-2976.6658314741253
-2987.866641641764
-2980.3050111572825
-2991.3980113532452
-3017.847207061926
-2952.925312004784
-2962.396149720385
-2974.8827229807157
-2952.3418510850515
-2967.074561804877
-2963.0763537084154
-2966.9542616433264
-2990.4205845357133
-2948.9575109328375
-2971.9279516608995
-2986.5824249441894
-3023.9014585554305
-2978.8696462737926
-3011.9804309259284
-2962.347143803649
-2991.8282487605234
-2977.756574555263
-2976.872579301249
-2975.4383722557127
-2993.614972636001
-2972.9265667462805
-2969.793978529372
-2980.5539430907056
-2983.245037295199
-2993.139501371664
-2984.081939098236
-2968.8220194253577
-3001.0404351759835
-2990.910755711743
-2964.282125440265
-2987.922339702785
-2989.036052644455
-2984.294558108168
-2968.7264955710143
-2968.20152244724
-2980.74915094034
-2998.514229294021
-2977.9627262835224
-2964.797194540113
-3009.864045031514
-2973.490370674268
-2997.7754133215535
-2967.0467354368725
-2983.498683995363
