0.5975445317585119
0.6008956835872208
0.6013470769292056
0.5994926799390542
0.6013524908275324
0.6026463460302247
0.6043857105854469
0.5939486867084728
0.6002973943772759
0.5987775859254182
0.6002067034901138
0.6031776607388891
0.6023820267833991
0.5947403525493361
0.5985337714549673
0.6004667308948198
0.5968255488779192
0.6039989216946368
0.605279187066251
0.5990575616680873
0.5942092026981256
0.6013193664000345
0.5985899112890659
0.593159063593559
0.5957371178685746
0.594948613120886
0.6010259374367054
0.5989016820844311
0.5984695216539875
0.598624718889468
0.5937033553556206
0.5995012742527007
0.5936906844729822
0.6038936508772871
0.5930009314921492
0.5971582269185469
0.5975079035600969
0.6046462996836234
0.6008876301166642
0.6005517449894957
0.5943227247970247
0.599130872318316
0.5947294124943411
0.5990124860458861
0.600434163691163
0.5984845873031809
0.5971542709320227
0.5938515286153254
0.5943052195148845
0.5968218304927261
0.59902343246208
0.5976188960942688
0.6029152220003857
0.6001270929659585
0.6051481702127467
0.6021891040939354
0.5938869764363167
0.5937420283395438
0.6002979910710324
0.594954045829856
0.5994210477141827
0.5982625219445474
0.5940039507971145
0.5976817750019461
0.6019553835756909
0.5957526960666736
0.5967938734408145
0.5976895379775803
0.5949267514026494
0.5948569104845148
0.6025535904977523
0.5962513926121801
0.5974611970314244
0.5913402977650877
0.5951947766902465
0.5994061318526279
0.5996866903969614
0.5943562005775258
0.5987748984609641
0.605733744629116
0.5965126270135703
0.6014022896608293
0.5975765979378868
0.5963709337311328
0.5985144716165236
0.5949414556456202
0.6011072353619538
0.600542175846857
0.5979013573197041
0.5964019321822334
0.5993128875043653
0.5993382832958127
0.5989224204158122
0.6039121456473402
0.5961923108551561
0.5952287310909603
0.6035315595422361
0.5967328064276759
0.599451228257037
0.5960070713682281
