-1916.5377267741314
-1953.1603795583505
-1968.3437937839567
-1970.4368209486386
-1923.6330285540337
-1936.6062849436578
-1947.501175265742
-1939.4853731087178
-1948.8881023609747
-1939.3250740322546
-1925.6258450803691
-1934.1800756498892
-1954.0160632864067
-1968.5101404107818
-1922.2247415350093
-1948.6325308555677
-1935.6509214989085
-1946.0856653417516
-1933.8222296292745
-1933.5663112161983
-1966.6539562637188
-1966.2671388277806
-1965.0579218532546
-1953.3671839917088
-1946.914595131513
-1926.3122703107138
-1934.7578665526516
-1953.0082353382152
-1931.7885049038055
-1922.6683570877124
-1943.017318505458
-1934.6335680852276
-1956.230093350061
-1968.0536738616033
-1932.386916971841
-1971.8600912675936
-1933.7431466444589
-1920.7735529556796
-1943.614513160833
-1967.065531458454
-1930.6376454029187
-1968.2689159516442
-1905.0513014709268
-1966.309969128819
-1974.9540718471007
-1959.5269358961282
-1950.8568403252814
-1953.9877009244333
-1925.1998355515627
-1965.2667174344917
-1953.9005808548477
-1956.1563450026626
-1971.3100771941586
-1944.6214482976395
-1947.6184084829094
-1908.4066317317834
-1956.1785396974547
-1953.87259692513
-1913.8750350364796
-1939.3544748802062
-1966.9271825624721
-1952.1403271958704
-1929.8817636307244
-1938.8172579034965
-1997.151618421535
-1971.3928885890696
-1962.3692947057966
-1948.3736288697883
-1935.9447578715613
-1959.9866791599106
-1917.0755886028837
-1952.2388326766843
-1948.4543742667372
-1920.7911727799892
-1972.0904866203539
-1955.956351978765
-1932.044368778258
-1972.6892603238089
-1940.1725261404024
-1955.1163299687107
-1954.9063194421074
-1940.9832398869983
-1951.2915650841128
-1976.6156805293008
-1948.2930707730761
-1958.8394316001566
-1925.946280489838
-2001.7668221333836
-1973.8838746288595
-1927.184664543245
-1960.1685500055505
-1979.9634579292583
-1936.9001025822156
-1928.133107789305
-1976.6297820420484
-1931.7608692382573
-1942.415481560485
-1950.5548454576565
-1929.9739639019506
-1949.2580088624015
