0.47556005662764744
0.4699107597871398
0.4616081841323165
0.4275898585876935
0.46525265707631014
0.45726110753339344
0.46070184036374767
0.47820809841591627
0.4474211940082706
0.45627084075709146
0.4644141995067377
0.4752037785208469
0.46844570025188764
0.4693586118146183
0.47279801199158067
0.4646246406395709
0.4718620022500347
0.46689896833263195
0.4568068272704009
0.45490056471855134
0.4526636539865267
0.46069287217364485
0.4700687225897779
0.476167889121175
0.4519864046287198
0.4738344219793989
0.44075333665736816
0.4601822352983133
0.4748585065677913
0.47041904117651867
0.4559116707478716
0.45346618817129436
0.46301624256131324
0.4660285814216512
0.46103595397786906
0.46635962588717966
0.45674180399804176
0.46018313359854923
0.4629064846147485
0.46546221829988577
0.4706417407860457
0.48259739719595385
0.4590400576354878
0.4659890691874344
0.46716660048013764
0.4670432148812842
0.4483500516660441
0.4531249653914907
0.4605002319932619
0.45796461244151865
0.4623245395086436
0.482771580616159
0.4614942869310614
0.4844151436055991
0.4639270439516774
0.4693874227464383
0.46236668329271835
0.4583611684420504
0.4669810075493171
0.47339151366907906
0.499980520320868
0.47216098507702847
0.45285640616128225
0.4562944175688375
0.4681352685885178
0.4575778938051958
0.47254150127661626
0.4605768870776254
0.4683219360678831
0.4686810810413551
0.4645280905138856
0.45626998892951653
0.4699144030907662
0.4647686592939596
0.4712876405244566
0.4660095367168905
0.46061505226882005
0.4890334602839253
0.47752270600845775
0.45424333350119284
0.45298588052663336
0.4661642995111513
0.47103432976038234
0.4803145886865894
0.45268873960601563
0.46193160917321197
0.4586578319937049
0.46939524845135194
0.46551806873014934
0.4782696971753458
0.4556365245685858
0.45807773032136606
0.46480635481497623
0.46713757920700005
0.4596922033612797
0.4647112250161537
0.478268093276863
0.4795916118547146
0.4137444604738322
0.44258146154538147
