0.43312301049675284
0.42414774992674087
0.4253125920127549
0.4186138444450214
0.4347643971621022
0.42665490475160034
0.429382063962831
0.430764304318734
0.42385176315114836
0.4294922446255355
0.4206189643612749
0.43020954021955987
0.4166859462315555
0.4277986925196228
0.432006839017067
0.43273534024473975
0.42758269155389667
0.4340355586668914
0.4261714880298803
0.4254437176148074
0.415112517989146
0.42596656031654223
0.41857559245870957
0.44591969206228993
0.4210471566872193
0.42958347614181935
0.4161493023388619
0.4162623520204133
0.4289675349866517
0.42140728485957485
0.42941233563555375
0.4141484181621849
0.4167899546510346
0.4299886855649158
0.42214239502053047
0.4277220950040208
0.41639308184097046
0.41786205543271443
0.4242383515466495
0.4214059568025132
0.4303991729058486
0.4368200894583392
0.4274544407397545
0.4214671291413542
0.42305778961298013
0.4384095472567159
0.43497639757867834
0.4229508791081979
0.4258070822091012
0.4199253921876792
0.4240729462260042
0.433618380027908
0.43252573319673265
0.4341619196491082
0.42342824526905304
0.4383075856642265
0.42286456578812015
0.4231287752676898
0.4298830746050503
0.43502858203236155
0.42392449738780974
0.42332632215058275
0.4260705907639403
0.42345655421669376
0.4269533249920374
0.4088312640029393
0.4275634985295253
0.42573639894337734
0.42728468379474654
0.4183317950249006
0.4227265679447227
0.41960172811159707
0.419874017967114
0.4396315668278006
0.4183238554806334
0.4277769040865248
0.4204501116089456
0.424707105349956
0.4336988032459439
0.4283670215004132
0.41938792104160527
0.42297348527169537
0.42597501103380375
0.42683536558512697
0.4247596488769326
0.42095569080421036
0.43168589738131846
0.43149654152243044
0.42872662220682956
0.4390418633286068
0.4182228235668135
0.4292095603292809
0.4266248255863662
0.42278921016006366
0.43550752642275536
0.4321348977866158
0.42841986324551956
0.43224297629978065
0.4168287122809077
0.4328992198961234
