-1912.6898386500613
-1947.0429284275504
-1963.4399509287812
-1967.0943322734202
-1919.6624444200136
-1934.465284434506
-1943.906471913754
-1933.7795881402644
-1945.4576178121279
-1935.9469238545973
-1921.2776257699995
-1931.633033749303
-1950.317782401201
-1964.1710141121127
-1918.8288557967398
-1948.0082194175536
-1931.427221378025
-1942.1356578373877
-1931.2149870263263
-1930.2817957398468
-1961.9478135755112
-1962.5444326103539
-1958.9735244833005
-1949.5795702194978
-1942.7547211645767
-1920.9627623019135
-1932.0016573412247
-1948.8643788148947
-1926.5062600677293
-1916.8902560201711
-1941.0446851471513
-1929.8676694819062
-1952.129979910797
-1963.3821851199282
-1927.765909797188
-1966.9007173116624
-1928.3280656341196
-1916.243493033113
-1940.0296038126926
-1961.8244414877302
-1926.2257568462412
-1963.9732883506101
-1900.9641639345302
-1961.2519056314657
-1974.013949698689
-1956.5187377225552
-1950.9098181631337
-1951.5116732160025
-1920.5254695526532
-1960.7824536805128
-1949.0663343197264
-1950.4176691803743
-1967.6834831222789
-1938.044641803048
-1944.1863425096044
-1907.8318906102468
-1953.5206661196107
-1949.512028481901
-1908.7248045329407
-1934.3164518621954
-1959.911879316589
-1947.6368817842203
-1926.1176656048005
-1936.0657291649068
-1992.257557811384
-1966.025878240599
-1957.8977068859638
-1945.2387725806714
-1932.6950193621935
-1960.2724362111053
-1912.9819928476413
-1949.077264738906
-1942.4949880876036
-1917.8087324382843
-1970.5049085913272
-1951.4683995673042
-1927.5149899226797
-1964.6954249024286
-1936.7667974181181
-1952.0406892394856
-1949.190296684664
-1937.3671081732516
-1947.1442441276224
-1973.1839366621052
-1947.184744920966
-1958.5329163566748
-1923.1710869027313
-1997.4351908034137
-1970.4429232462771
-1924.4060286325173
-1955.401869404051
-1976.3749213960618
-1932.072704697549
-1922.032848762278
-1973.5041209786225
-1928.8777651344806
-1939.4399714598424
-1945.7720319048326
-1930.8776426981012
-1947.5156009310135
