-2045.0907086414313
-2043.4955105575161
-2021.7703419331554
-1989.3282827293247
-2025.006493255254
-2048.81721637447
-2078.1278154879537
-2026.4031218061843
-2062.794989407976
-2015.485693180918
-2025.0189405744616
-2075.47599383022
-2044.2563878750707
-2010.6114950228532
-2013.5886381956575
-2056.714365921456
-2053.3593392400703
-2054.668897063353
-2036.369452992931
-2005.9047096554473
-2020.5491795421663
-2033.6521140784193
-2048.01807241233
-2009.5072476910523
-2010.4733527456956
-2029.005344009935
-2079.2616181569056
-2020.6375393079315
-2029.154342443936
-2010.1637312538953
-2045.4637525137139
-2046.5545109988548
-2073.0907316170474
-2033.8836220038636
-2021.3393024894872
-2018.7429890507328
-2055.8519271916366
-2020.0205278720682
-2043.545696717212
-2002.5649082340242
-2018.2904353439437
-2039.2918025290317
-2025.1503070908245
-2045.4537410928156
-2062.6076746255253
-2054.9410983968087
-2060.716768986531
-2036.2781285184385
-2051.323302571745
-2021.426734381367
-2002.3610555168393
-2027.6366721971185
-2036.0863417472742
-2010.3844796573526
-2018.7841951745143
-2026.2463143852412
-2008.112527031136
-2006.6870274149642
-2008.0522188869636
-2017.574301317654
-2041.66777926887
-2087.129981224218
-2028.5705492650588
-2057.106205522127
-2042.5932605542723
-2040.212150675373
-2000.1758608224743
-2021.7894583861503
-1993.8021143593173
-2053.4923439466356
-2064.553844927857
-2030.638787029709
-2023.138111499546
-2033.7454441770685
-2031.7596034709586
-2043.4620527309326
-2021.668862741109
-2021.8402494332026
-2021.6938966549574
-2065.3126979309613
-2028.88908637259
-2046.0042737074511
-2037.0247692235512
-2035.2805781383981
-2003.9658368320756
-2046.0107388794818
-2029.4736460349568
-2017.2356690500922
-2023.5266717741124
-2038.7901719972747
-2041.8106529674747
-2014.706231385479
-2028.2830523779187
-2049.815586390435
-2044.6635173781162
-2057.5276911767396
-2049.286726339655
-2029.4607801256368
-2042.1341113485173
-2021.9635950465547
