0.5171942319050076
0.525973523244447
0.5284947281318579
0.5174798249317967
0.5302161808232203
0.5238592599806399
0.5163329659192097
0.5264399654125308
0.5194763048898045
0.5216643834937731
0.51736534446569
0.5157601170854906
0.5133863375696139
0.5277864338696028
0.5245184664498252
0.5235847196815102
0.5141793489467219
0.5220649592387998
0.5285150240905877
0.5090156288259386
0.524511191980861
0.5137455590838239
0.5222047494785936
0.5181895856136328
0.5067256910054576
0.5274266879723748
0.5242198643744863
0.5098457210860835
0.5048885682069216
0.528250208910603
0.5245340052466793
0.5177888549602038
0.5178940160176149
0.5192763208591046
0.5141198922264644
0.5202233545102316
0.5179920097124379
0.5161033564706717
0.5090216165845404
0.5219128137352221
0.5307150501810625
0.5154068143433848
0.5245172759179942
0.5114921761994192
0.5188066663651294
0.5212819003125556
0.5221490856496407
0.5144543567162928
0.5247669239643132
0.5148626214163491
0.5189185070722683
0.5099386882326575
0.5113445719370877
0.5147885093769884
0.5107582612391997
0.5275185581142063
0.5182771090010263
0.5107961025775161
0.5256510875695016
0.528480542975511
0.511607157652004
0.526573487568425
0.5049504955127031
0.5262279280770302
0.5245478145502448
0.5080430321323491
0.5176085705418754
0.5238576134358209
0.5233006608410017
0.525965360966793
0.524300498375119
0.5117679016837811
0.5163357718510483
0.5179405696398507
0.5156891420587318
0.5169411803760722
0.5180569373018561
0.5232496072813966
0.518927443659288
0.5279334823694432
0.5166987128308993
0.5267907524262175
0.5217017008385098
0.5264791834106997
0.5045443491040431
0.5284489281056027
0.5174428519650666
0.5163903189662824
0.5243775116898605
0.5154628836938144
0.5189676945662666
0.517917616324887
0.5124293876191931
0.5172376404696272
0.517270040417752
0.5133322115265398
0.518976660004486
0.5289433779929703
0.5153625988942316
0.5246740246516305
