-2038.4373496908413
-2037.466024974101
-2013.8259633401824
-1983.871290805628
-2017.696616338857
-2044.8531585199596
-2073.3971098892875
-2018.095618021508
-2057.501734445634
-2007.644549237334
-2018.8791706231764
-2069.203979283058
-2040.0586996008035
-2004.4383618577167
-2007.3875942066043
-2051.041497903908
-2048.6144848092686
-2047.6435212213323
-2028.3499626397115
-2000.5228139407077
-2015.2712425583534
-2028.084074545268
-2043.3505853151007
-2004.0787134826428
-2005.1260234821586
-2021.8239624378452
-2073.9659957505132
-2015.4735669804566
-2024.6972441121902
-2003.0351874053802
-2038.449396380859
-2043.7579846985166
-2067.567878497487
-2028.269892126543
-2015.262798938538
-2012.173562459948
-2049.287218651472
-2015.3952221239547
-2039.2300676750567
-1996.3708083810948
-2011.4064100466646
-2033.0206582211367
-2017.6816166391516
-2039.8123093859217
-2056.339575408719
-2048.5216158772423
-2054.723644180147
-2030.374511297047
-2045.9099707220983
-2014.8799645033837
-1995.4827206749678
-2022.3433046985936
-2030.5883401036128
-2006.3979310502582
-2015.0485040494746
-2023.4072748172277
-2001.9795536662587
-2001.4079511652442
-2003.9181303767416
-2013.1534504709934
-2035.9981019451304
-2081.091586540327
-2022.8971383020225
-2049.8016624694646
-2034.2570447885694
-2036.8892374206227
-1994.7694062203755
-2015.962650265452
-1987.5161939078805
-2045.5010702033858
-2057.3171731468815
-2025.1433803113107
-2017.0363459658531
-2026.8634717116995
-2026.2363101875537
-2037.9140791480816
-2016.603936843343
-2016.8716849314205
-2017.5123124748527
-2058.5198251906186
-2023.4485906773277
-2039.0790351007458
-2033.011939180148
-2027.7679040125633
-1998.6049256121455
-2037.5114599906756
-2023.1828013425745
-2011.07242999004
-2015.820238340467
-2034.4857902311421
-2036.3877585170555
-2010.9143132058437
-2022.4758199803077
-2044.0353061305102
-2038.3670621242861
-2052.014115853921
-2044.8296982545296
-2023.4162400085086
-2035.9356121403332
-2017.9749894912989
