0.4702274118300319
0.4672661208628171
0.4684073504267227
0.4787820914507305
0.4690535758929424
0.47076421561918486
0.47010107633003106
0.4676839475601658
0.467837764890751
0.4644643702250699
0.4701500599560232
0.46634249313260756
0.4753694780863018
0.46975651953537645
0.4649984079350854
0.47247343988983054
0.46700256000873586
0.46881661120579315
0.4720219181716393
0.4619578919625014
0.4799178201518142
0.4676182279159733
0.46430923662671525
0.4734594474095798
0.4624046015310301
0.47222616036315573
0.46894723905904506
0.47521883336686854
0.46936378816584734
0.47012045149713966
0.4699793087081328
0.47487469986011765
0.4697400871797913
0.47001460086927416
0.46612484824238554
0.4703488583665011
0.46931986614625365
0.4660236022888197
0.468357335868342
0.47040474761694806
0.47436944453230856
0.4692359398680191
0.47044557191019437
0.4730723492112303
0.46791340992452957
0.475241103059364
0.47577072239067236
0.46776293593861784
0.47189721630304327
0.46550788053221454
0.4662567357509886
0.4602948711424535
0.4710958621918379
0.4670082448918507
0.4673018612668341
0.47614072195726836
0.47293057321056037
0.47426753574617964
0.46955698799788026
0.4670387235069426
0.4700338427140256
0.4764040048032173
0.4641525647654453
0.47479127322832054
0.46249678815782924
0.47065044122967337
0.474669113032939
0.4761962746607617
0.4723132503604841
0.46564568955516983
0.4654615851891737
0.46684470023006086
0.47002782746208055
0.4635445748315626
0.46696073002659577
0.47406468118007555
0.47792022756433716
0.4705303541918224
0.47947330755817497
0.47168688244411844
0.4781891566483384
0.4697567125920731
0.47338886338069713
0.47316830741545385
0.46575443759046764
0.46466081408045234
0.4665328792924446
0.47237073065135043
0.466172503899948
0.47460204237430137
0.46942709043378034
0.4723752718168859
0.4680414114579347
0.47338994790605704
0.47052135689147007
0.46298236398841364
0.4658369983655993
0.4733873380886229
0.47211101795605787
0.4724798726451828
