-3214.5605133877943
-3199.62524404439
-3210.521209214929
-3190.1316763381756
-3193.1164422328375
-3203.549948713003
-3202.1605883117377
-3212.549700883203
-3195.937568284614
-3214.6594864247772
-3178.0808124179694
-3191.4724437661403
-3220.211871448875
-3233.500968108867
-3203.5723386502705
-3214.7831072487415
-3189.209906788912
-3214.5526392781217
-3202.5455141360208
-3192.7608572577574
-3235.9975835015107
-3174.239069612807
-3186.853475168737
-3211.2357264868033
-3229.92346280929
-3205.510046829769
-3209.581039999252
-3161.8309948477986
-3180.6471829948623
-3198.265187783963
-3198.943651164412
-3220.0420527623605
-3206.7809293946575
-3237.0880263315803
-3216.548960349679
-3235.2201763248313
-3209.0064309722197
-3227.0201072052814
-3224.094462813447
-3219.657063543854
-3201.2456302720802
-3187.424445246286
-3199.3675383994887
-3196.0186998116474
-3220.0181446531465
-3245.2583055446457
-3219.7587757828405
-3190.7432092691497
-3215.8403338716194
-3204.420742157792
-3208.567307980181
-3217.5224771586754
-3210.206263360254
-3209.520462685162
-3199.402689745853
-3196.1296633602155
-3201.0538649170167
-3193.8357401773824
-3252.035287126044
-3218.2153465195374
-3214.0787700588744
-3201.4166875273513
-3246.387825342791
-3191.9999355816135
-3220.6258636393136
-3211.039216190932
-3224.60543196594
-3182.120798739091
-3243.903972201796
-3228.084901622421
-3224.4013473615955
-3218.5023583575157
-3144.5508493824354
-3198.8377209013433
-3232.736321047566
-3232.1929529403815
-3181.364087881217
-3189.9327933615396
-3215.8473961209897
-3215.7475465913976
-3200.759618387054
-3208.401780484301
-3220.441483145098
-3214.1272209170843
-3200.6732901096625
-3192.7441943823615
-3224.869119792042
-3202.2331232740344
-3225.1930510162947
-3214.9564110501597
-3228.1761562813726
-3229.76911005686
-3215.8068740133804
-3194.5415931277316
-3201.71705616014
-3193.7663803478154
-3200.361479772664
-3163.2178160905733
-3186.8754950351454
-3208.3780412538827
