0.6927982925966757
0.701569152363415
0.7007795762282337
0.6896758649458208
0.6952920223406367
0.6916454952147427
0.6980035618639766
0.6942870922761878
0.6990288507305058
0.6919039591313116
0.698978631931226
0.6924441597260301
0.6911527814390216
0.6954044931521585
0.6897729766430588
0.6995441166741351
0.7007784003658656
0.7003162500158381
0.6849986062660504
0.6974327757209112
0.6964259014132754
0.701163716127797
0.690123494880943
0.6862723293196359
0.695934427848537
0.6895105189974434
0.6995082751438731
0.691906014195734
0.6932554802270992
0.6855823951466326
0.6871406786870213
0.7003234937743344
0.6963474403602398
0.6907244934920918
0.6944208018146889
0.6922074937293231
0.6881931845804999
0.6919880240549587
0.6927529477051458
0.6912870105195432
0.6941989597533932
0.7093789213666659
0.6916282986249979
0.703549786476276
0.6948249861296305
0.6900232427099581
0.6921117842550738
0.6948074467746924
0.6987171721511144
0.6973413944363103
0.6911446862318174
0.6934770223770746
0.69670766412214
0.6945381090084844
0.6977911991251834
0.6883360322408326
0.69294551519636
0.6924233433432749
0.6918255308226564
0.6979854927347001
0.6962800093832839
0.6959448780618342
0.7030210414733038
0.7007595543641345
0.6912089573606267
0.6907215556545598
0.6900847771786361
0.6905279487364285
0.6896883217442281
0.6922890527342284
0.6919893282746086
0.7008261542681763
0.6922845145312088
0.6950488257585214
0.6953586456190631
0.6986737948309302
0.6924383259554991
0.6930711940146655
0.697446649220254
0.6962064831313474
0.6953522625180593
0.6872795100319665
0.694060311485005
0.6960477958886468
0.6919481289568226
0.6987075486390335
0.695288949888814
0.6933332991994473
0.6935401512235463
0.6918891681594325
0.6934046652411455
0.6943943381510082
0.6972445296398068
0.6966768045016164
0.6981132936344422
0.6932507527878848
0.6895805876681068
0.693431532507193
0.6906585440857034
0.6939612403868027
