0.6127217741407461
0.6167163082593771
0.616522879316908
0.6154661278606773
0.6133469222954945
0.611101076722996
0.6155017396512873
0.6089601305913619
0.6081021017187516
0.6155116966318535
0.6110121198117974
0.6144769402983471
0.6134000181293118
0.6068069289252432
0.6090066875905027
0.6133597468933766
0.6141187542626243
0.612547286447497
0.6078409472675931
0.6108073807293611
0.610681878725864
0.6104895582358294
0.6168489118195549
0.6206746574787794
0.6180073294415391
0.618389732693186
0.6157459580153818
0.6147358469056792
0.6132693864955004
0.6113450066083242
0.6127396064875529
0.6151038804638225
0.6124689513498788
0.6159243163885354
0.6146269684493243
0.6102616019931619
0.6171348598917187
0.6137286454258721
0.6106859742447754
0.6140323299617209
0.6143495382513172
0.6169261253485633
0.6120223315214594
0.6060457275385581
0.6098931640080295
0.6135862329043644
0.6137955586400297
0.6146386649288469
0.6090914350792752
0.6139245755475018
0.6149927146958457
0.6095935748877673
0.6157204359058412
0.6122095923552432
0.6120280870935985
0.6131932582450528
0.6124444292440043
0.6118227883301313
0.6148947629342313
0.6116894243750273
0.6162742266353513
0.618173648949674
0.6131521692478737
0.612943290309975
0.6171462357767502
0.6160078330562877
0.6124948863699943
0.6106251332771002
0.6146591559179246
0.6144265955702588
0.6102255093349527
0.6051818935975647
0.6167354131733677
0.6153295553260094
0.6108718472856949
0.6115481281054147
0.6174903335945291
0.6152683853353956
0.6116209132231872
0.6104742942757964
0.6131592966006686
0.6176662854429488
0.6104582915542756
0.6105372597173019
0.6163109399378863
0.6134718966095105
0.6201718074340473
0.6145249072823641
0.6099463132366092
0.6166263535406605
0.6157062643731246
0.6136332678659973
0.6144837713845539
0.6125813034605749
0.60927450436408
0.6144968502222713
0.612555874260179
0.6126114598377187
0.6156254417377315
0.6156107343310354
