-3201.577888054628
-3186.5112367683346
-3196.3175862966314
-3177.811750519793
-3180.137427972801
-3190.8598145887245
-3187.8900765377207
-3198.4794364960135
-3180.6767279966207
-3201.5688666938786
-3163.099166335655
-3180.8669545770767
-3207.736453192541
-3218.973468938246
-3189.8023326843468
-3200.997689181933
-3174.2653301132464
-3199.297041276855
-3190.049537100523
-3178.291538562729
-3221.4354912430263
-3159.5989744756307
-3174.326447887511
-3201.301155967811
-3216.4747355243853
-3193.2296956890864
-3195.9796075079203
-3149.1689788950534
-3166.9649087338084
-3186.0015735505594
-3187.726794060665
-3207.2575594844657
-3192.6213547726916
-3224.724815955337
-3203.185669831754
-3221.8100960530114
-3197.6824714518875
-3214.8626087694806
-3210.4278686878934
-3207.7166565167713
-3188.5554464485967
-3171.224179247915
-3186.6163580876223
-3180.285091407402
-3212.029716834286
-3231.9256907607296
-3206.51948185976
-3178.9327019339876
-3200.5664572256615
-3192.828911295586
-3195.7150184398783
-3204.7726220336663
-3196.306606776487
-3196.323488384185
-3184.8009650599492
-3188.1074680701863
-3188.939755850861
-3179.722681606816
-3239.0169260744824
-3204.425244703534
-3200.6372238538042
-3190.3729861974093
-3230.876584591698
-3178.3118715707014
-3207.859408081691
-3198.916693394542
-3211.817476092431
-3169.680406082919
-3232.521920106275
-3215.752402218462
-3212.938428708615
-3203.4400121825056
-3132.847843361035
-3184.9907004108645
-3218.220075755244
-3218.0812018962615
-3168.5103655062185
-3176.5834996957237
-3201.108817414786
-3201.2444915121255
-3188.2570868224093
-3197.7786017215
-3205.94254859282
-3201.581061925596
-3188.001570455303
-3178.1737554992396
-3214.8506525737307
-3188.5273098527823
-3210.9136950888833
-3202.0318737124944
-3216.0943206141665
-3216.4118460751815
-3202.446240713934
-3180.7496667977507
-3188.1531216870644
-3180.0914158746587
-3188.137010329312
-3149.468535262747
-3173.979117693598
-3196.2446476097825
