0.5653125406126414
0.5482778215576557
0.5506902446123667
0.551165708576075
0.5503016182047609
0.5541571781585741
0.5507582648652903
0.5517355141638998
0.5435797049600924
0.5551081995044792
0.5500543119143773
0.5615833738288124
0.5567639286358083
0.5572742126212482
0.5508711306408066
0.5523898063709396
0.5435568867106151
0.5446015697707511
0.5573301149854996
0.5592522078904346
0.5575579480777898
0.5504492370967506
0.5475237807685648
0.5485003040480048
0.5672406733025667
0.548637784653255
0.5531491443110125
0.5554954650178344
0.5587561010838878
0.5515972639160759
0.5468003810668345
0.550889324620174
0.5516326075659024
0.5468008842533677
0.5537365987118733
0.559078738810253
0.5462442577233877
0.5527692584250696
0.549837954911818
0.5555089382322702
0.5517157297578151
0.5506372341743205
0.5548435278458764
0.5492084971852892
0.5519805981778505
0.5527366411991057
0.5512855454098801
0.5543308145073483
0.5512292010165329
0.5511930413369834
0.5579228162749917
0.552389654939935
0.5511825970381404
0.5426063068498529
0.5526168444797088
0.55301168877252
0.5566314117988534
0.5587324607999262
0.5516141195160082
0.5565074023480848
0.5549680449852882
0.5508999331688561
0.5499270381092607
0.55477710966233
0.5549883314799043
0.5529943259564276
0.5528737761828251
0.5529859488164267
0.5497020204198135
0.5540873073225345
0.5489355923438337
0.5566037100763079
0.5517722585119808
0.5544586697228896
0.559329008727171
0.5498072531384414
0.5603406511764938
0.5568097705378577
0.5548228709093886
0.557650313849999
0.5525826600915733
0.5407338420833684
0.5456794067504845
0.5659839287280993
0.5532547612675132
0.5599038465032692
0.5521395208536835
0.5478289311473474
0.5580974498331204
0.5499605195444821
0.5494299510141257
0.5488827142760883
0.5562007935429583
0.5464424759693787
0.551612636743468
0.5525985846147123
0.549000812544264
0.5455163308469376
0.5462733485164586
0.5470882732269098
