-2156.1573109042765
-2110.919181870207
-2111.8310931654573
-2120.868593444909
-2104.001710724708
-2089.025330137096
-2128.3174844965856
-2115.2717100892805
-2118.6792713273044
-2086.854773550516
-2096.4942322234633
-2122.5112770317905
-2128.7723440405
-2139.1566036907166
-2100.0565495993246
-2098.570247839698
-2119.181855570688
-2111.3629295111527
-2098.6052065670465
-2100.1487378696456
-2133.2777581031787
-2093.911504621104
-2099.7687617693514
-2117.207764378319
-2101.3405776248474
-2141.4345134545138
-2128.588022610289
-2084.317997329162
-2125.529214243594
-2095.30447003776
-2106.9825779005478
-2108.52809014955
-2140.326151702973
-2113.3938605349044
-2128.33649442645
-2128.1428847439083
-2108.899346352212
-2124.397281068046
-2139.379246445274
-2137.858264720651
-2122.07144335053
-2101.9933217456214
-2112.247205297627
-2101.768623226582
-2087.5793695358343
-2168.308935164516
-2117.848205201379
-2106.3992379889573
-2114.3488070307108
-2109.4644899339064
-2086.881096477118
-2096.312522459515
-2104.907894685672
-2101.1650323441972
-2156.509204103857
-2133.1139103202604
-2135.6190372687365
-2118.469287279276
-2117.493137805506
-2132.836810267095
-2139.004162287399
-2129.9770788548135
-2079.8989245141092
-2123.46420803389
-2131.674219551759
-2108.5172986021703
-2153.942076860794
-2079.941075979643
-2115.77307122273
-2089.7318083558284
-2109.679258396558
-2109.654477600311
-2116.8743162356964
-2116.616833056359
-2111.385439334659
-2122.786229298793
-2115.049708678088
-2067.738337929741
-2116.976344789652
-2135.242422437399
-2089.138074176148
-2121.653121633868
-2128.9469002140286
-2127.547235848912
-2086.5621906615715
-2122.9126327078734
-2072.75018854351
-2098.4000283301198
-2187.1517197353664
-2109.387172253339
-2103.8608925255767
-2106.0299020267034
-2124.4420142520826
-2106.348448310261
-2100.6906516771537
-2101.096840247353
-2096.266094778893
-2149.9095494174558
-2085.987456953768
-2104.67551156105
