-2147.1159763106616
-2104.983744729881
-2103.9571225710033
-2115.62494788728
-2096.308021605073
-2084.3633832680302
-2120.9836304273244
-2109.1911242930632
-2113.0635040839416
-2078.3113502290694
-2089.6115167714815
-2116.9881111082796
-2120.6756770327943
-2130.9732108111575
-2093.0158476497563
-2091.8857876164125
-2112.325725378995
-2106.0184563851835
-2090.784948189329
-2090.867397405409
-2124.649740575037
-2087.222215453484
-2092.2334809806366
-2110.882014417537
-2091.859376175629
-2135.2809029249456
-2121.406280848381
-2076.691852815881
-2116.679731195888
-2087.373494968414
-2100.2927045753004
-2100.748412428966
-2135.4592100472096
-2106.1250439444025
-2120.0115022495656
-2120.107298980664
-2101.6881460950235
-2117.5842298760394
-2133.164384209558
-2129.605572768409
-2114.495752081514
-2093.9960805318547
-2104.4743138831805
-2096.429567383562
-2080.204357224969
-2161.201151117024
-2111.8586278224107
-2099.5657588502268
-2106.687792436654
-2101.859176707807
-2078.736229017024
-2089.4462478719524
-2098.631741746979
-2094.599546967744
-2148.51453580313
-2129.854012834456
-2128.1432537668584
-2109.3589861518726
-2113.336054337854
-2124.866545324307
-2132.374741763951
-2122.749033256817
-2073.8170984574726
-2116.10369243348
-2123.899668968993
-2100.0115986798437
-2145.8968554016415
-2073.596171882204
-2107.9947060282825
-2080.5793245325194
-2102.1781087754534
-2101.087284292176
-2109.6798712596515
-2108.142848798615
-2104.291159111088
-2114.916663714086
-2106.1178344115456
-2059.2137370410787
-2109.4975405660684
-2131.1398091909914
-2082.1238500890163
-2117.76595660477
-2123.018143294049
-2118.4369970587827
-2078.7972058008168
-2113.6770935863547
-2064.8440408273686
-2090.7141629527623
-2180.565528098153
-2102.147258187817
-2095.8075077926846
-2099.087455104797
-2116.173421015441
-2100.1642228466512
-2093.725639892909
-2094.765074841234
-2089.6741113836906
-2143.817076417626
-2079.4755781457557
-2099.6431996384968
