0.5003168472979249
0.49862771890663304
0.4955818646762478
0.4935162251792326
0.4977318026862697
0.5064551666066198
0.49215824547268866
0.49359729364015403
0.4906983137745683
0.4958367053847655
0.4941027995617788
0.49244111376375393
0.49926788636555247
0.49746404092787205
0.5017756772635201
0.49594161168681705
0.49314543917777703
0.49418577433877453
0.4990757176859538
0.4933144950618521
0.4975419766959784
0.4961280374992725
0.4953585847731569
0.49750162215993526
0.5016608259638207
0.4969120701042337
0.4920353590913911
0.49465031638032575
0.49482638884768654
0.49837997884621826
0.4986352889491029
0.49568945308587836
0.4931470659144793
0.49366196980893107
0.49458132363796947
0.48867673965363356
0.49411747507658915
0.4987628673753949
0.49656917419087393
0.4969592698444184
0.4977561631570001
0.495475398959609
0.4994379674176865
0.5013421137857832
0.500538484590929
0.5026783098655448
0.4990833248283109
0.49336715471995607
0.4962938714242404
0.4948523648913251
0.4942992030879459
0.49445252296617215
0.4984637274713347
0.4916815397138255
0.4966419480933929
0.4941408068856328
0.5032495086930601
0.4950547013566021
0.4959093649199367
0.49403414139787644
0.5015108273378031
0.4973356638840569
0.4998634461754832
0.500461193903384
0.49283319223122696
0.4928777702223553
0.49226846773662053
0.4978995832555208
0.49478092729609063
0.49061174404292834
0.49883798548625946
0.49667756367719995
0.5049551813966727
0.49517837021886474
0.4915413853210622
0.4923302203497306
0.49635488252448945
0.49641079130635485
0.4983180857039429
0.49497942231032843
0.5045359081715786
0.49952764664644866
0.49532460965412944
0.502490808514528
0.4982096993757222
0.49383527197367166
0.4929396594412268
0.4945219848369941
0.5034534497485592
0.49131462900767486
0.4906885142010334
0.49728045150262695
0.4926476721439785
0.4940302002594855
0.500077351555722
0.49805241951332363
0.494910041328057
0.4998971412934002
0.49838862213488644
0.500761671422921
