0.5037427552591028
0.5044708409051079
0.5092931181170425
0.5084505820981458
0.5154932001351984
0.5181177677555104
0.5020636765912159
0.5206427653642113
0.5045173315050688
0.49719027578350505
0.4997648119786582
0.5211240948886936
0.5026590036221651
0.5046415754059991
0.5065623649747913
0.49547184646890063
0.4921983901536046
0.4963024278295781
0.5070462110573046
0.5012397677530195
0.5085910689617101
0.5181619378326408
0.5120219337148016
0.4969735184021961
0.5094647780376232
0.49544945996014844
0.49405583630476657
0.502543463069895
0.4992177758916168
0.5060408790202767
0.5093893147111234
0.5099932676921118
0.5062619697486607
0.4937850743343971
0.4942913817997221
0.5001583316187056
0.4934867037364207
0.498541149915061
0.495906118147699
0.5035222473077304
0.4915576663091742
0.4981153070398049
0.5015120094288301
0.5008153393701177
0.5034527202484128
0.5083832401170927
0.4997177043296758
0.5036161128923072
0.49487285620970073
0.5169401652852599
0.5008544131679691
0.5033700884283144
0.5023453792244797
0.49113218996022434
0.5152179476824761
0.5027649028669265
0.4989060712373409
0.5220450666060086
0.5024448314956167
0.5020975729110808
0.5018675365513366
0.49614538027945254
0.4971965454942515
0.4916302084035014
0.4946053160783872
0.4986533802720442
0.49141757762729316
0.5010533253403822
0.5040922338470532
0.5017433708265753
0.488699997888696
0.4851515862171064
0.4885679985251546
0.4876389287590349
0.5011866689318595
0.49430913406458626
0.5068349767761932
0.5045668820219712
0.5038080515930977
0.49696997015613203
0.5036891916081544
0.5038349619650184
0.4922299276813453
0.512245920304688
0.4996806260578421
0.4988605536093728
0.49494981656450376
0.49776802257584174
0.5010980162887892
0.491483500609991
0.5046353255963157
0.5053565322903028
0.502579533175533
0.4952870091621971
0.5023248965311162
0.5055829230771658
0.49242393151418457
0.5037302319476236
0.49358728200091756
0.5057611708451355
