-1976.2895620876993
-1982.1095604278285
-2001.890160901549
-1995.3467711747205
-1994.136376096093
-2009.7123946672425
-1991.59840033773
-2004.951994835611
-2001.5431349634557
-1970.1569328855737
-2020.6399653931887
-1976.6217116237242
-2048.3434837223144
-1972.2009162010463
-2045.186015293504
-1985.1359036038207
-2005.0036150894389
-1999.7238582165792
-2028.2939449779212
-1989.2309511955111
-1974.7726171568195
-2004.654855643132
-2007.7309244581602
-2002.229376473282
-2002.091381765691
-2005.5282596887282
-2007.8262460798915
-2018.828300227079
-2003.8158063789851
-2017.1802616001878
-1994.9738553992443
-2028.2248067164126
-1999.2463680734672
-1995.9584516534821
-2003.9556279475914
-2010.5472636449524
-1974.1021525724036
-1996.9428417086567
-2007.1012193005427
-1983.8205338265566
-2012.0961457940753
-2002.0531804581565
-2017.3028173140526
-2032.6887241860609
-2028.2479663159966
-1999.7462873508719
-1991.723077765054
-2018.6662717165264
-2000.170135411906
-2010.2823717273932
-2001.6557645337357
-2015.769370311477
-1977.3917213550712
-1991.2353015785
-1987.6352629221303
-1996.591798483325
-1996.6103540908666
-1976.5663179773078
-2014.1132029661885
-2003.930528440149
-1975.8383069710392
-1979.6755062782042
-1979.9880145869392
-2010.7236771559908
-1999.4524453122815
-1989.9563698543375
-2005.525464334885
-1995.76624228127
-1988.8376458440591
-2001.3535589081705
-2001.9182942034038
-1978.1494341442599
-2000.7084452826596
-2017.2045283416653
-2025.0164792793375
-2023.6172004156372
-2017.0175766006498
-1966.6679241206998
-1989.0961382326732
-2015.071147426467
-1990.2153099431848
-1987.8722243107536
-1975.1738552178358
-2011.8086867396396
-1986.0426215107746
-1994.2609294181452
-2032.2669547153116
-2018.2670937571277
-1989.2192025628005
-1995.4226840890526
-2029.5710421797876
-1963.716333843295
-1956.3805955073328
-2003.1267769440954
-2009.6343757877419
-1973.4840867951903
-1998.3419455262283
-2002.2984226096721
-1994.4925939298737
-2010.53853832888
