0.450199304452194
0.45232526581587773
0.4624531344537064
0.4575833676606815
0.4545437686405412
0.45942671652225187
0.45349067277273697
0.45403228349562985
0.45630678098156247
0.4496021228720462
0.45815513419515425
0.45999447562984747
0.4544072817608959
0.45088664485889
0.4520301900643858
0.45662320824629016
0.4531948366897026
0.4506201458311288
0.4568662716437794
0.46338648211848843
0.4575517761374183
0.4568569393561514
0.4585911210937004
0.45674640067838346
0.45628492261643183
0.4499176466467745
0.45641636029506477
0.4578929913438254
0.45495663080945525
0.45091545178837544
0.4496146177230049
0.45646718218478316
0.4593680734650262
0.4544731225021545
0.4529700825861083
0.4555313210730658
0.45486068079866926
0.4528893609469796
0.45457217606121203
0.45030676773765693
0.4634274594792767
0.4521203169435583
0.45854663442195776
0.4558697959620726
0.4554769192558542
0.4569151004663065
0.45592665354038736
0.45163720471789887
0.44920534321644223
0.46032224556510154
0.45970832282498036
0.4569823387619337
0.46009176523599293
0.4508471773776907
0.4618298494429794
0.4635960804096677
0.45492225936555186
0.4568843046307205
0.46017960864487006
0.4610262122180134
0.4552247531394128
0.45583768981148826
0.4527516788512455
0.4547955976412953
0.4641774307310321
0.4498460046152661
0.46027693295761135
0.45214510369355526
0.4486150775364296
0.4536116632623753
0.45638013497381885
0.4628010764961117
0.4519350030004015
0.4516038838787301
0.45427543418627625
0.4478134139058452
0.4596302610471537
0.4508280630763767
0.4566098630063613
0.44839394647046305
0.44985113434228247
0.4553335370153309
0.4626538422036337
0.4647042361656556
0.4541288106809467
0.45548019815957125
0.4568394797955342
0.47617901614406205
0.45267306781799294
0.4598229246328746
0.4593189991158631
0.4531076720378825
0.4521997390674097
0.45770891947332243
0.4552953640680539
0.44885163081880036
0.45348517921129283
0.45425462071071376
0.45459397595334555
0.4684753194458274
