-1970.0245004621727
-1976.1046627497412
-1998.0874788942856
-1991.0182963010916
-1985.7805876239324
-2003.2192919865004
-1988.2898686049118
-1996.456223125923
-1996.0914501307843
-1965.5783511542925
-2015.2041553252914
-1969.4949027728658
-2044.2031966470415
-1967.4718339821968
-2038.2800522351845
-1982.1700945737664
-2001.3203108959553
-1995.0881173409614
-2022.2119805645132
-1984.950647771464
-1968.6995835821285
-1996.5328343936337
-2001.259372162075
-1998.8196828130724
-1996.1385201608587
-2000.12189824323
-2003.8020554478996
-2013.1080600909918
-1998.110327661499
-2010.7641946137005
-1988.7451917260398
-2027.142184640952
-1994.6206168237925
-1992.0446955513796
-1999.0339903243616
-2005.5329192637355
-1968.6437942474993
-1991.0854841607554
-2001.5228810541282
-1977.4795783309949
-2007.8244384076406
-1997.1378510139607
-2011.7964220546703
-2027.0762749422402
-2022.2530581618514
-1993.2319327001092
-1985.5766993749703
-2014.1652487115925
-1993.884341577062
-2002.4241353373266
-1996.9038249254154
-2010.669579076423
-1972.1956534187625
-1986.955352109798
-1980.9766245795086
-1993.4629356622897
-1991.044309253672
-1968.5629951337858
-2008.4094646970702
-1999.2605274066484
-1971.4133577336595
-1975.044850581243
-1976.815397215731
-2006.045472541387
-1996.268867825293
-1984.2613174878784
-2001.428954928351
-1991.0232215005592
-1982.078127056497
-1994.634463021124
-1998.1817828179583
-1975.3094231145008
-1996.4142554344678
-2012.2030015159241
-2019.4224927613125
-2017.300359152061
-2011.0375658572648
-1960.8611499453223
-1983.8934307801023
-2013.6750393282564
-1983.689892897591
-1981.3930847732329
-1972.2344765633989
-2005.0449008778253
-1980.530194032861
-1988.088899690202
-2027.541240533968
-2015.420953341195
-1983.4818003185496
-1990.8129453273896
-2023.4674570444804
-1956.9430437124322
-1952.0164855900962
-1999.6263306590668
-2004.6975195928353
-1966.1008119298947
-1993.2987033997802
-1997.1796763585744
-1989.3559081581254
-2005.3708325836358
