-2018.650920798936
-2049.8265751086374
-2116.2575990124888
-2090.583651723101
-2094.731692534315
-2046.3941530518
-2051.8544626649177
-2053.590826963355
-2082.293807545894
-2096.0494010634025
-2055.8462632769606
-2047.6960422255272
-2052.8150605603028
-2076.1166308809657
-2029.3717724869323
-2093.884806834145
-2075.573443459005
-2074.9430459221203
-2080.876498281327
-2089.322308604419
-2069.595486613183
-2072.249144938468
-2095.308903595912
-2070.6563682743285
-2080.2805007923725
-2045.754064085812
-2062.2523718156294
-2067.142662298699
-2058.9696799190965
-2045.2570446620134
-2043.7433729374627
-2059.0078425862234
-2076.3806913098206
-2062.4423382250607
-2056.5461792220954
-2058.176658954416
-2067.61328727395
-2090.6609500060054
-2096.5978280355566
-2066.1448678172123
-2067.3842085285496
-2060.21810104749
-2075.280966110424
-2092.1646609347445
-2050.0911985518846
-2080.1347509790135
-2091.0580871685047
-2104.668512431381
-2057.0438867261028
-2067.754756018799
-2079.59254828446
-2044.4039795040596
-2081.1464009950714
-2060.6489957348085
-2080.521688349698
-2044.8680418295837
-2086.790249058073
-2020.0854270493614
-2121.7911331878045
-2087.028565968235
-2060.3115690017735
-2045.1019727673486
-2031.2447683425908
-2061.741709786995
-2054.019878291958
-2069.1208674676514
-2103.89051063797
-2069.617351165239
-2089.0212936955413
-2056.034293480678
-2113.0968669696476
-2040.7386883059737
-2083.5555896512114
-2061.4562727534103
-2048.3844354074017
-2064.1081076283017
-2047.8644064901782
-2043.6583035056872
-2075.7129370252574
-2062.437254409488
-2049.2735011594796
-2072.196894816081
-2084.9697428969007
-2084.7856910733335
-2062.3716620602017
-2052.499611595827
-2064.4266506333515
-2094.476931220556
-2047.4717164450951
-2069.031641692254
-2061.613167393034
-2080.370266761263
-2054.7682944750836
-2101.1463251604314
-2083.130973953852
-2079.0936016436694
-2069.060210707171
-2064.432292611729
-2061.8974561414393
-2054.1393547917028
