0.5290056833908798
0.5328252461094969
0.540091618432588
0.5350732553065304
0.5407125447238772
0.545667768064318
0.538766256219075
0.5302871878535174
0.5376647959620401
0.5326266011352049
0.5366471054336932
0.5455068085925286
0.5452072075210669
0.5299248398633107
0.5270221456533216
0.5293199232916195
0.5348511549526273
0.5315582788707977
0.5366186166503648
0.5343667395644992
0.5532935797874107
0.5365262782772368
0.534088940933856
0.5361506763528102
0.5367633836600365
0.5427066932241975
0.5295117885924426
0.549128507530576
0.5378836022684143
0.5389485290299177
0.5324816553986873
0.5368536849798117
0.547296797488095
0.535306982325337
0.5342693316871217
0.5421007273378758
0.533122418175169
0.5386037941107517
0.5392632357541306
0.531853805957432
0.5383068966712531
0.5440324142369818
0.5351646226131503
0.5294532966955244
0.5262023215655941
0.5319003615599485
0.5317084757811277
0.5348387930156031
0.5348346912179099
0.5396791002930386
0.536619790939522
0.5352815441246908
0.5405515033831371
0.529521038788654
0.543595308357403
0.5457741248358513
0.5317281974366644
0.526894905143021
0.539528165664681
0.5373828753142507
0.5315034114633576
0.533063653692136
0.5317970021406891
0.5343644725559993
0.5285314525241039
0.5406488087049973
0.5321907947319388
0.5427643239811698
0.5370918531369314
0.53225475776063
0.5476128261014573
0.5374795319962686
0.5397570955939869
0.5380139663899571
0.5453569974499742
0.5425995275453569
0.5352819719232971
0.5366653297246351
0.5395112640691901
0.5329794718735126
0.53845090352155
0.5272813230644766
0.540678641724727
0.5453254949386419
0.5531344925569467
0.5276463915403178
0.5363621781235647
0.5423370940018668
0.546030516336302
0.5284110119681843
0.5367469115148862
0.5232970859461747
0.5371844142644426
0.5344423973947214
0.5318139613875702
0.5301572809445133
0.5242483816731865
0.5302597538263221
0.5338797032555684
0.5368174780025218
