-2013.1809314407462
-2043.5439887954806
-2109.5761861300384
-2083.8802031028063
-2087.882143461523
-2040.5303842519418
-2047.608712686379
-2047.669411388471
-2074.2136008328143
-2088.6892010368992
-2048.675691139336
-2038.889380866396
-2045.3101907627824
-2070.1068876965132
-2023.995027787789
-2088.246011975133
-2068.63830865551
-2067.9222155093366
-2073.476812913272
-2082.8907345163834
-2062.0879559927575
-2066.1213273074586
-2090.141999483905
-2063.8690481892395
-2073.119331274562
-2042.514484655951
-2055.934247857079
-2058.711117984165
-2053.4819525442203
-2037.6872539041394
-2036.3856139141153
-2052.7938585040647
-2069.613889715255
-2055.454752607742
-2049.8259181258395
-2050.720956055065
-2061.3164456870436
-2085.1055136879977
-2090.734469918953
-2059.1749367348452
-2061.3424173463495
-2052.798377555346
-2068.3352219417634
-2086.2682118865764
-2045.3605592605836
-2072.9266748996884
-2085.073323107276
-2098.4099222016025
-2049.2322954923948
-2059.4219624714333
-2071.710099470957
-2036.674552200917
-2073.7929945792903
-2054.093065521126
-2072.669580683439
-2039.4982089051432
-2079.893435828078
-2013.6409141554343
-2114.534334135225
-2081.726654348685
-2053.252045769254
-2038.797819041599
-2027.7434818938182
-2055.6317523261337
-2047.5790137273382
-2060.6580997882684
-2096.4696496725755
-2062.681653123348
-2083.145701058681
-2050.5211119461965
-2104.215145373864
-2033.0266515771832
-2078.3809596202595
-2056.3127907677067
-2041.1048035316353
-2056.29833203535
-2042.1510397234008
-2036.5161374917345
-2068.4471634994406
-2055.2113899985834
-2041.39410000754
-2065.947684840536
-2078.435796348883
-2077.9866176368128
-2054.4386626773803
-2046.8418762765343
-2056.7516673075265
-2087.325375015044
-2039.6860805859928
-2063.0720139411515
-2056.9658921801943
-2075.4592157654797
-2047.8740664338484
-2094.199640227486
-2076.6290930839527
-2072.7189756798693
-2063.3296263476495
-2058.351984043299
-2054.6416939663077
-2046.5056985792978
