0.48894144028273184
0.48422155498439456
0.4898963055629527
0.4884083866669515
0.48417024109951523
0.48860390848277546
0.48879504420704006
0.47917701209957597
0.47486928603599593
0.48054426320090227
0.4755428651788746
0.47981555064642817
0.48759548886308945
0.48161710716871364
0.49089711512155415
0.4887295901745379
0.4822635256648542
0.4823446754349135
0.48549891835845116
0.4857039557739504
0.487942455025748
0.48301001817760947
0.4798210641656079
0.48202142873756787
0.48036554454498687
0.4762317011341077
0.4832264407653685
0.48179747324636124
0.4802942091930362
0.48339582004230414
0.4790989776828092
0.49222970731225624
0.4839776382747592
0.48431216387810544
0.4866343550387598
0.4904229893101784
0.48627585032358367
0.48443981135217523
0.48534256559546296
0.48199488962202436
0.487192995595772
0.49065918332229447
0.4779997607470227
0.4784434371891438
0.4835844691958855
0.47930162077972444
0.4774536230270417
0.4848845152031704
0.47740402206444943
0.47796379192456934
0.4787364168408448
0.480412773669673
0.4819057888610984
0.48135665685657686
0.4863368271027978
0.48917952747001475
0.4844620400111245
0.48006214940608954
0.48034174692473897
0.4843949283028846
0.4813758670053614
0.4839905896501142
0.4866471696556049
0.48471124799658866
0.48016153754622265
0.47481656391549987
0.4812525477843538
0.4848992490886672
0.47969617945223597
0.48316902736573347
0.47921214879274027
0.4803959986536247
0.481843688144297
0.49152966249362967
0.48388043763556
0.48442080746187083
0.48130700162519546
0.4869859562244314
0.48783719954887445
0.4746719955039375
0.48235242601929534
0.4814064686275606
0.488571818750998
0.48423170627482354
0.4841290016303052
0.4854289657996112
0.4835319154597696
0.4881606999023026
0.4859656926700063
0.48635231089861963
0.49087229931276755
0.48651226896857874
0.48810315267442467
0.48462338803447613
0.48357082861755213
0.48190416682867654
0.4814120697198043
0.47737913860366077
0.48177007949414197
0.47919030287254777
