0.6335752554748535
0.6312392222895395
0.6370711950793599
0.6405964102210617
0.6420743272580356
0.6410465401918192
0.6424393936498874
0.6344203053790731
0.6404304441326683
0.6377339770866256
0.6420009530718167
0.6422732462188622
0.6401767053676347
0.6403755468014186
0.6351386152996813
0.6386599443571754
0.6415426197007119
0.6435431405556771
0.6442066070320493
0.6416796731348836
0.6408074806627424
0.6425196106110824
0.6414077499929106
0.643075835599924
0.6396249903074005
0.6346303860235992
0.6423659766883291
0.6428245235042099
0.6387965126604579
0.6491885489749191
0.6386952966148078
0.6392038011415675
0.6280968217579591
0.6377403596236252
0.6420810471830157
0.6356258503606509
0.6387968385993287
0.6334084666673151
0.6377420671816668
0.634899554136908
0.6372118722781327
0.6397790429555722
0.63766577606638
0.6395671151457737
0.6349859971255855
0.6377754683507599
0.6421334603776874
0.643710897356707
0.6428900913376572
0.643893995031768
0.6448404717153319
0.6392592302687631
0.6394834499921496
0.6289031026476204
0.6378012918474049
0.6330951149274899
0.6382923800615402
0.644942988563102
0.6387606375126236
0.6465250143366079
0.6354703037488044
0.6376603550162927
0.6369081424858605
0.640342254106207
0.6430499594700461
0.6358463626762582
0.6443180740426727
0.6412771077385111
0.6320185362061513
0.6364858763014151
0.6449419532500872
0.6406167028083871
0.6309870758426475
0.6429127852057608
0.6465825049897373
0.6332427646900401
0.6388880638168111
0.6379269894458598
0.6415700716468776
0.6389543133431008
0.6460929751075446
0.6463993105713788
0.6420313516638393
0.6400486711636398
0.6412581384665597
0.641319591491355
0.6375768335457827
0.635009866414593
0.6343900977424572
0.6413351748528294
0.6376790484903867
0.6320876278421008
0.6375157718504888
0.643237783855986
0.6431778832706576
0.650106988202016
0.6432434930286642
0.6433565328556636
0.6339400247585948
0.6361695233612896
