-2619.3356622034057
-2611.783278686662
-2602.2939918645934
-2580.584597095934
-2599.2100395742304
-2573.221853118774
-2567.2153374770405
-2647.7326390146227
-2590.5128223257593
-2589.767376903145
-2579.179968483023
-2563.0286223555436
-2575.0044420564686
-2590.235413593176
-2587.539662746957
-2596.563883817642
-2613.102829981131
-2600.568006894841
-2568.8689394157236
-2637.58872599073
-2607.8274723330333
-2589.536985503422
-2578.3476574749443
-2590.9283498389227
-2609.272110521453
-2630.4607623631323
-2585.415573618011
-2610.2685237884293
-2592.5623366390755
-2590.3711078941337
-2554.1142771985237
-2617.3422611126052
-2639.473180087417
-2600.1236769727057
-2577.4247161807803
-2643.564786381745
-2627.5128624334675
-2571.431182854384
-2627.2724403528237
-2617.9624853338505
-2600.4646273576495
-2575.1521263527916
-2588.9554265380975
-2603.5155335671084
-2553.084774431356
-2620.0191227222576
-2624.1473144322613
-2592.9118065207153
-2562.5219935310893
-2603.942287746206
-2579.6585619319853
-2610.622443095054
-2624.443498714447
-2591.783714532371
-2581.1667787426763
-2618.909200028215
-2557.2550368443653
-2624.1026951683284
-2569.386401082908
-2577.129158191497
-2610.0016308410186
-2631.4759149225197
-2576.042938057632
-2660.792704134021
-2634.596285424737
-2591.7291689180056
-2621.8539713675596
-2607.7901902206404
-2607.731645628291
-2612.1430656629213
-2625.5649661650746
-2622.9850527349336
-2593.352732668864
-2628.09237849957
-2585.783557258087
-2604.987779904853
-2603.4733914477038
-2599.129303135608
-2584.725192044057
-2593.8619075117304
-2582.9572410641526
-2565.073769443484
-2586.212092862502
-2559.348159484183
-2613.496727311297
-2580.0655309722465
-2575.8290310420884
-2604.1670537776818
-2603.2965946817067
-2611.0915617731803
-2630.998519637348
-2631.3098785939446
-2607.7329997454112
-2595.6574593135438
-2631.636778239522
-2626.613930645704
-2604.91280383891
-2607.4334136808993
-2581.3894596080218
-2588.921946538167
