0.569699133734749
0.5721128609317259
0.5613352211202793
0.56737942451256
0.5609152616200314
0.5649712652692324
0.5612905474991341
0.5677063315248823
0.5676821219893431
0.56950911195609
0.5654836224744432
0.5662341512126837
0.5664655121269869
0.5669746725482017
0.5693261450424023
0.568982799075753
0.5646723516830929
0.5616637459171919
0.5717830755466319
0.5659333317376958
0.5679291814101565
0.5612550776116536
0.5670296900698294
0.5746007471151344
0.5659925221941986
0.5642403437673135
0.5683291123859594
0.5704850639743373
0.5663096972707885
0.5655971064548355
0.5665030888270366
0.5679159478177108
0.5671438057819155
0.5657700576326168
0.5715071957337138
0.570658461716313
0.5640212277278235
0.5636376580624266
0.5663672756376871
0.5721784017277801
0.5594201454693924
0.5689089457578599
0.5623586604331603
0.5669843043671539
0.5655852478125288
0.5659368338957523
0.5651054680365222
0.5650864478634329
0.5725012169459134
0.569902656560538
0.564538538674934
0.5635586712971239
0.5660186674201405
0.5627043307942097
0.5673808537420715
0.5664891338731739
0.565415053635983
0.5678636264636663
0.5719923992326128
0.5687979278796265
0.572896922485283
0.5732491975283812
0.5755684273769127
0.5633935325136432
0.5699355051405808
0.5629478936117852
0.570020163805168
0.5681331588783919
0.5670775095157322
0.5660747044697948
0.563363995868014
0.5694445736468953
0.5702086549542931
0.5619071444495644
0.570815620477462
0.5712139932506936
0.5621083359406462
0.5703436326527802
0.5657614505038443
0.5710817229680867
0.5681928016707043
0.5646295687816743
0.5674979074725701
0.5685964864979491
0.5683479286272813
0.5639715806489297
0.5614913305440122
0.5672105647910562
0.5666368396799688
0.567177602253301
0.5665410491467823
0.5691034935546303
0.5652337803672497
0.5728272729779106
0.567502043664309
0.5665431387424986
0.5680490051381518
0.5660143821250401
0.5693504191638282
0.5614479712578769
