-2610.3473161041547
-2602.866477100969
-2591.163643160373
-2568.842050751645
-2586.1194636695427
-2562.3741716053305
-2554.3326400698206
-2639.8229021362877
-2579.701444315978
-2579.1347387353912
-2567.333724062243
-2550.8172790922513
-2563.493436761471
-2580.060164859238
-2578.1152965950537
-2585.486807143278
-2603.4318579490155
-2588.051032472383
-2557.660645668161
-2625.166440794931
-2597.8137151744386
-2579.8812782599202
-2566.2634122656023
-2580.041333855899
-2598.413725998115
-2619.2281900616827
-2574.939997433336
-2598.544971800241
-2584.9860601468117
-2577.2731299932284
-2545.4369465868613
-2606.423199569292
-2630.8598643348882
-2588.7227550869566
-2566.7283079776116
-2633.176018907614
-2615.694394867673
-2564.3175421729666
-2617.6233892668147
-2607.620047432844
-2592.75541872751
-2567.3319071747
-2577.2409378091006
-2592.97189208487
-2541.9062920013516
-2608.790070146791
-2612.6128516497984
-2580.3398479307984
-2552.3869410531343
-2591.979139034548
-2567.079365785592
-2598.804511734405
-2612.448879161566
-2581.625168188903
-2569.626605629473
-2608.6591362935287
-2546.332532380712
-2612.3192363217217
-2559.0363801607823
-2565.276697331671
-2600.3507183164575
-2620.92720954375
-2566.0640048796417
-2648.6936244688977
-2622.47494827236
-2580.1189282290793
-2610.6688520083762
-2597.5595116747995
-2597.415129063226
-2601.1115723822595
-2612.994805039917
-2611.3875444611954
-2584.3095534989966
-2614.9622103525526
-2574.5470258327446
-2596.7777595673174
-2591.537273156886
-2588.3133978264714
-2572.8370690476127
-2583.3994740178427
-2570.4466865753766
-2552.434810043536
-2574.5541470913868
-2549.2066971755416
-2602.0022909794898
-2569.2834323798115
-2565.9345213706342
-2594.8057446247813
-2592.89225773275
-2599.2669253329814
-2619.8173278652494
-2622.3793176805075
-2595.9768717408006
-2585.9139580154247
-2619.489637406798
-2613.4127819052305
-2596.518830728836
-2600.302318181079
-2572.734096513293
-2576.9986318931046
