-2905.0096348919815
-2920.626065574987
-2888.311321942334
-2884.1346387535696
-2878.116495115436
-2896.288958437398
-2920.9990963245787
-2904.348547714652
-2892.3180251641083
-2882.893868058882
-2895.618931433194
-2864.710777866312
-2880.106249702909
-2869.4565329173965
-2896.6131286788564
-2914.1399498099195
-2860.6691834166586
-2876.7606043529872
-2869.958851124699
-2864.345562023131
-2894.0456669372397
-2867.004958554431
-2897.154903858632
-2883.7190795083256
-2881.0421950998784
-2855.7658855861023
-2879.5147351148066
-2869.7657292223143
-2865.5508653695574
-2869.7840009828533
-2886.243607462278
-2875.502471946563
-2884.5865463472232
-2864.854325273473
-2913.346888412477
-2914.694063256874
-2836.2691699664633
-2893.3956218993994
-2863.5270780609094
-2912.6186657227463
-2856.2122313915006
-2886.1375945276855
-2917.5600294742626
-2882.8229598395005
-2863.8075766085753
-2863.1650116205687
-2888.6557929658784
-2860.912017385975
-2890.768425077357
-2880.7856156052535
-2890.193263225923
-2877.884474170797
-2925.1101177347014
-2863.2949498679295
-2902.10351820709
-2858.272550235737
-2908.964368315953
-2910.8432281426444
-2899.938817691041
-2898.389386258681
-2890.568519138216
-2908.395538909515
-2891.660091278655
-2898.819836602672
-2876.949511918367
-2890.554984912727
-2891.635809155361
-2876.0703849832976
-2876.693453770293
-2869.5428166238353
-2879.1086861433237
-2873.0962822916717
-2892.345478355188
-2883.0438144626723
-2865.0512491664776
-2862.5160385685467
-2845.760156158109
-2912.4413215584887
-2915.0736292038546
-2913.8490812651007
-2861.298882181757
-2875.9933856706402
-2887.81611028231
-2924.7451600818717
-2879.220728065579
-2881.3634438740814
-2870.9206849547704
-2886.8302200006
-2922.2682953198173
-2852.0186848164917
-2856.299874150851
-2891.0579711753426
-2855.4726149017815
-2878.6849475713693
-2873.9244132827093
-2861.6748426451736
-2922.00317962666
-2900.25138754663
-2864.5646546250578
-2870.6023015433775
