0.6763257961136587
0.6714336170003665
0.6748718956012595
0.6666083476183333
0.6646926109168055
0.6769681174295833
0.665415029658662
0.6698692704500617
0.6670897533752701
0.6648430005671232
0.6756139160326627
0.6689696083368275
0.6683626306117872
0.6684687334061765
0.6673915556377414
0.6686927218466054
0.6645679619441306
0.670709377569565
0.6740579108917872
0.6656724553876141
0.6659883049045852
0.670883588981632
0.6714408335390899
0.6568252429040741
0.6623992051785017
0.6686818505176416
0.6700868610049115
0.6660658682427982
0.6634933863205493
0.6612553192719888
0.666470228603302
0.6685891895768268
0.6687737231814097
0.6695607447096691
0.6679549676183342
0.670480489435462
0.6734548359331943
0.6708585326161769
0.6710820026129887
0.6710269026806627
0.6698265363066346
0.6629115889302312
0.6637076280444915
0.6684265431649611
0.6747273940277078
0.6610757309177563
0.6731793054861169
0.671583947782312
0.6723138305410344
0.6600635610218899
0.6648941987479439
0.6668383619922609
0.6730333627225479
0.6661571192998623
0.6666409704555282
0.6668722290988442
0.6775897898548563
0.6686365373382505
0.6674919346159085
0.6644639734302984
0.6706865845491539
0.6711129101351144
0.668920810132202
0.6648554794849321
0.6656004162209499
0.6731006107945303
0.6637061503887343
0.6632013744367836
0.669438534966474
0.6746333156702152
0.6684648195301397
0.6679076972304447
0.6606920435756757
0.6646574113761516
0.666254483857425
0.6709242670858152
0.6692257067434916
0.6672961201990043
0.6649353368425028
0.6692902338800505
0.6744171606640939
0.6679276229166258
0.6693727563084849
0.662459124510895
0.6775415522448839
0.6691764738972825
0.6737832302160172
0.6706010748700408
0.6731851936681061
0.6709503113929443
0.6721562026950747
0.6685283299455355
0.6683245423139497
0.6612434913294485
0.6654117483379393
0.6687243908011102
0.6778666675677594
0.665956651948793
0.6649865572667408
0.6621884880427308
