0.5903787855710226
0.5931408427055261
0.5921495628519573
0.5908036403069414
0.5890346689140652
0.5914371112259963
0.5948617073425359
0.5925601079237693
0.5859536155272279
0.5895359034046619
0.5870399274553681
0.5898909285197722
0.5926024336642954
0.5923978217784803
0.5887208273901412
0.5915531488226644
0.5914243581861575
0.5935129001136276
0.5885673597050972
0.5828624978272224
0.5860048021604111
0.5879290692932758
0.5921395075208435
0.5924781946748776
0.5924111413227972
0.5871907113639372
0.5924933085899506
0.5959474672170506
0.5911799483854177
0.5890872116598499
0.5905051331606576
0.5886031366229716
0.5908236814978604
0.5905273363583015
0.5940453722728513
0.5925914153174985
0.5929606780983279
0.5906808430543609
0.5917645848152541
0.5901891837931381
0.5943159866460792
0.5907909971583591
0.5907314490798539
0.5937063013709994
0.5893311636168672
0.590815867252402
0.5951798921940026
0.5942976928507969
0.5943551388537506
0.5959288333715785
0.5923983909014142
0.5918736310320183
0.5921545132642756
0.5881818840636426
0.5961945109947862
0.5863784494732205
0.5906948439406771
0.5911484067366056
0.5999507073941299
0.586359178553985
0.5898678949297532
0.5873046860384498
0.5920320451515655
0.5897962014734797
0.5898597960055317
0.5877890312240583
0.5931344942721078
0.5926447119275282
0.5864894335296679
0.5849989671742829
0.5990095704506561
0.5952440937202399
0.5884781318796954
0.5909365213375113
0.5920964854571511
0.5961186507761747
0.5856249289986172
0.5943207603640683
0.5956604012618606
0.5909955192458849
0.5944686405646051
0.5877897248375692
0.5923994443800904
0.5920312192770808
0.5888891652407919
0.5948520806908965
0.5927489745623168
0.5995340030510842
0.5930451802321555
0.5994600536087139
0.5902177163236113
0.590110644908565
0.5919863794790642
0.5888588690756416
0.5906230373294914
0.5855144479931608
0.5882424833746882
0.5861028200127574
0.5953715787501728
0.5885079469172448
