-2897.7471194583723
-2910.815825861306
-2874.4553085693083
-2872.031095945324
-2865.5781456937193
-2882.5715436212354
-2909.2757070989355
-2893.122386153494
-2880.2678481811877
-2871.522550560281
-2881.262830372929
-2852.1165213519666
-2867.673210156632
-2856.502995987104
-2883.7838164449654
-2902.3653130057282
-2848.907112989259
-2865.1832609767484
-2855.7172703164547
-2851.9048841594586
-2881.3462329826057
-2853.290708240182
-2885.020812570202
-2873.8082178603786
-2870.1318058848306
-2842.6683001582564
-2868.3215654537303
-2859.688019941222
-2853.6301321799783
-2858.2341864105365
-2874.7134889110534
-2864.0150052726567
-2873.0044204953633
-2852.619561815598
-2903.9482998532635
-2902.1753986329145
-2825.476920150902
-2881.231487280554
-2851.211197375869
-2901.653822214231
-2844.101737613922
-2874.247989237675
-2905.2371650729706
-2870.5023137117564
-2850.4527428292404
-2852.144774011288
-2876.858219205785
-2851.2431760986838
-2877.9629003449754
-2870.566436470675
-2878.340617134849
-2866.111964582722
-2911.7153040753556
-2850.5816198249304
-2892.614965409252
-2845.3135857761736
-2894.6979329696924
-2898.0334820482253
-2889.6085269236146
-2887.4469854639246
-2877.771163415706
-2898.5898970519474
-2882.0332251127334
-2887.391280318064
-2864.3864692860175
-2877.2816311010056
-2882.9285440456
-2864.619423483351
-2863.5740543248526
-2855.125103775361
-2870.655341318633
-2864.6014508324447
-2880.669447480472
-2870.950506052187
-2853.532729331993
-2850.62206180039
-2832.1121046110093
-2902.8213249779287
-2903.50476749092
-2900.7109338395094
-2848.477603503947
-2863.601576734688
-2875.1314833722595
-2912.735856007997
-2864.975104803152
-2869.6688678969035
-2857.7360475009373
-2875.2745129098157
-2909.265100135529
-2839.7877619295073
-2843.477415545683
-2878.08049531658
-2844.20878849501
-2868.3699522379293
-2861.9511923596174
-2850.6563417774237
-2908.6903837787
-2888.218175947208
-2853.352421611925
-2859.1069913394435
